hh_id,d_cm,d_nutr,d_satt,d_educ,d_elct,d_wtr,d_sani,d_hsg,d_ckfl,d_asst
10006,1,0,1,0,0,0,1,0,1,0
10014,0,0,0,1,0,0,1,0,0,0
10031,0,0,0,0,0,0,0,0,1,0
10039,0,0,0,0,0,0,1,0,0,0
10056,0,0,0,0,1,0,1,0,1,1
10073,0,0,1,0,0,0,0,1,1,0
10081,0,0,1,1,0,0,0,1,1,0
10090,0,0,0,0,0,0,0,0,0,0
10098,,,0,1,0,0,1,0,1,0
20010,0,0,0,0,0,0,0,0,1,0
20021,0,0,0,1,0,0,1,0,0,0
20032,0,,0,0,0,0,0,0,1,0
20042,0,1,0,0,0,0,1,0,1,0
20052,0,1,0,0,0,0,0,0,1,0
20062,0,0,0,0,0,0,0,0,1,0
20072,0,0,0,1,0,0,0,0,0,0
20083,0,0,0,0,0,0,1,0,0,0
20093,0,0,0,0,0,0,1,0,0,0
20103,0,0,0,0,0,0,0,0,1,0
20113,0,0,0,0,0,0,0,0,0,0
20123,0,0,0,0,0,0,1,0,0,0
30004,0,1,0,0,0,0,0,0,1,0
30013,0,0,0,0,0,0,1,0,0,0
30021,0,0,0,1,1,0,1,0,0,0
30029,,,1,0,0,0,0,0,1,0
30037,,,0,,0,0,1,0,1,0
30046,0,1,0,0,0,0,1,0,1,0
30054,0,0,0,0,0,0,0,0,1,0
30070,0,0,0,0,0,0,0,0,0,0
30079,0,0,0,1,0,0,1,0,0,0
30087,0,0,0,1,0,0,1,0,0,1
30095,,,0,0,0,0,0,0,0,0
40005,0,0,0,0,0,0,0,0,1,0
40019,0,0,0,0,0,0,1,0,0,0
40034,0,0,0,0,0,0,1,1,1,0
40048,0,1,0,0,0,0,0,0,1,0
40062,0,1,0,0,0,0,0,0,1,0
40076,0,0,0,1,0,0,1,0,0,0
40090,0,0,0,1,0,0,1,0,0,0
40118,0,0,0,0,0,0,1,0,1,0
40132,0,0,0,1,0,0,1,0,0,0
40146,0,0,0,0,0,0,0,0,1,0
40160,0,0,0,0,0,0,0,0,1,0
40174,0,0,0,0,0,0,1,0,1,0
50005,0,0,0,1,0,0,1,1,0,0
50012,0,0,1,0,0,0,1,0,1,0
50018,0,0,0,0,0,0,1,0,1,0
50024,0,0,0,0,0,0,1,0,0,0
50030,0,0,0,0,0,0,0,0,1,0
50042,0,0,0,0,0,0,0,1,1,0
50049,0,0,0,0,0,0,0,0,0,0
50055,0,0,0,0,0,0,1,0,0,0
50061,0,,0,,0,0,1,0,1,0
50067,0,0,0,1,0,0,1,0,0,0
50073,1,0,1,0,0,0,0,1,1,0
60008,0,0,0,0,0,0,0,0,1,0
60019,0,0,0,0,0,0,0,0,0,0
60029,0,0,0,0,0,0,0,0,1,0
60051,0,0,0,0,0,0,0,0,0,0
60062,0,0,0,0,0,0,0,1,1,0
60073,0,0,0,0,0,0,0,0,1,0
60083,0,,0,0,0,0,0,0,0,0
60094,0,1,0,0,0,0,1,1,0,0
60105,,,0,0,0,0,1,0,1,1
60116,0,0,0,0,0,0,0,0,1,0
60127,0,0,0,1,0,0,0,0,0,0
70001,1,1,0,0,0,0,0,0,1,0
70009,0,0,0,1,0,0,1,0,1,0
70017,0,0,0,1,0,0,1,0,0,0
70024,0,,0,0,0,0,0,0,1,0
70032,0,0,0,0,0,0,1,0,0,0
70039,0,0,0,1,0,0,1,0,1,0
70047,0,0,0,0,0,0,0,0,1,0
70055,0,1,1,0,0,0,1,1,1,0
70070,0,0,1,0,0,0,1,0,1,0
70077,0,0,0,0,0,0,1,1,1,0
70085,0,0,0,0,0,0,1,0,1,0
70093,0,0,0,0,0,0,0,0,1,0
80001,0,0,0,0,0,0,0,0,0,0
80011,1,0,1,1,0,0,1,1,1,0
80021,0,0,0,1,0,0,1,0,0,0
80031,0,0,0,0,0,0,0,0,1,0
80041,0,0,0,0,0,0,1,0,1,0
80051,0,0,0,0,0,0,1,0,1,0
80061,0,1,0,0,0,0,0,0,1,0
80071,0,0,0,0,0,0,0,0,0,0
80091,0,0,0,1,0,0,1,0,0,0
80111,0,0,0,0,0,0,0,0,0,0
90005,0,0,0,1,1,0,1,0,1,1
90013,0,1,0,0,0,0,1,0,1,0
90028,0,0,0,0,0,0,0,0,1,0
90035,0,0,0,1,0,0,1,0,0,1
90043,0,0,0,0,0,0,0,1,1,0
90050,0,1,0,0,0,0,0,0,1,0
90058,0,0,0,0,0,0,1,0,1,0
90065,0,0,0,1,0,0,0,1,1,0
90073,0,0,0,0,0,0,0,0,1,0
90080,0,0,0,0,0,0,1,0,0,0
90088,0,1,0,0,0,0,0,0,1,0
100015,0,0,0,0,0,0,0,0,1,0
100025,0,0,0,0,0,0,1,0,1,0
100035,0,0,0,0,0,0,0,0,0,0
100045,0,0,1,0,0,0,0,0,1,0
100055,1,0,0,0,0,0,1,0,0,0
100065,0,1,0,0,0,0,0,0,1,0
100085,,,0,1,0,0,0,0,1,0
100105,0,1,0,0,0,0,0,0,1,0
100115,0,0,0,0,0,0,1,0,1,0
100125,0,0,0,0,0,0,0,0,1,1
110003,0,0,0,1,0,0,1,0,1,0
110012,0,,0,0,0,0,0,0,1,0
110020,0,0,0,0,0,0,0,0,0,0
110036,0,0,0,0,0,0,1,0,1,0
110044,0,0,0,1,0,0,0,0,1,0
110052,0,0,0,0,0,0,0,0,1,0
110061,0,0,0,0,0,0,1,0,0,0
110069,0,0,0,0,0,0,1,0,1,0
110077,0,0,0,0,0,0,1,0,1,0
110085,0,,0,0,0,0,1,0,1,1
110093,0,0,1,0,0,0,0,0,1,0
110101,0,0,0,0,0,0,0,0,1,0
120006,0,0,0,0,0,0,0,0,1,0
120013,0,0,0,0,0,0,1,0,1,0
120020,0,0,0,0,0,0,1,0,1,0
120027,0,0,0,0,0,0,1,0,0,0
120034,0,0,0,1,0,0,1,0,0,0
120041,0,0,0,1,0,0,1,0,0,0
120048,0,0,0,0,0,0,1,0,1,0
120055,0,0,0,0,0,0,0,0,1,0
120062,0,1,0,0,0,0,0,0,1,0
120069,0,0,0,0,0,0,0,0,1,0
120075,0,0,0,0,0,0,0,0,0,0
120082,0,0,0,0,0,0,1,0,1,0
130008,0,0,0,0,0,0,1,0,0,0
130019,0,0,0,1,0,0,1,0,0,0
130029,0,0,0,0,0,0,0,0,1,0
130039,0,0,0,0,0,0,1,0,1,0
130049,0,1,0,0,0,0,1,0,1,0
130059,0,0,0,0,0,0,1,0,0,1
130069,1,0,0,0,0,0,1,0,1,0
130080,0,0,0,1,0,0,1,0,0,1
130090,0,0,0,0,0,0,0,0,1,0
130100,0,0,0,,0,0,0,0,1,0
130110,0,0,0,1,0,0,1,0,1,0
130120,0,0,0,1,0,0,1,0,1,0
140002,0,0,0,0,0,0,0,0,0,0
140010,0,0,0,0,0,0,1,0,1,1
140017,0,0,0,0,0,0,0,0,1,0
140031,0,0,0,0,0,0,0,0,1,0
140038,0,0,0,1,0,0,1,0,0,1
140053,0,0,0,0,0,0,1,0,1,0
140060,0,0,0,0,0,0,1,0,1,0
140067,0,1,0,0,0,0,1,0,1,0
140074,0,0,0,0,0,0,0,0,1,0
140082,0,0,0,0,0,0,0,0,1,0
140089,0,0,0,0,1,0,0,0,0,0
150001,0,0,0,0,0,0,0,0,1,0
150010,0,0,0,0,0,0,0,0,0,0
150018,0,0,0,1,0,0,1,0,1,0
150027,1,0,0,0,0,0,1,0,1,0
150035,0,0,0,0,0,0,1,0,1,0
150044,0,0,0,0,0,0,1,0,1,0
150052,0,0,0,1,0,0,1,0,0,0
150061,0,0,0,0,0,0,0,0,1,0
150069,1,0,0,0,0,0,1,0,1,0
150078,0,0,0,,0,0,1,0,0,0
150086,0,0,1,1,0,0,1,0,1,0
150095,0,0,0,0,0,0,1,1,0,0
150103,1,0,1,1,0,0,1,0,1,0
160005,0,0,0,1,0,0,1,0,1,0
160013,0,1,0,0,0,0,0,0,1,0
160021,0,0,0,0,0,0,1,0,1,0
160029,0,0,0,0,0,0,0,0,1,0
160037,0,0,0,1,0,0,1,0,0,1
160045,0,0,0,0,0,0,0,0,1,0
160061,0,0,0,0,0,0,1,0,1,0
160077,0,0,0,0,0,0,1,0,0,0
160085,0,0,0,,0,0,1,0,0,0
160093,0,0,0,0,0,0,0,0,1,0
170019,0,0,0,0,0,0,0,0,1,0
170029,0,0,0,0,0,0,1,0,0,0
170039,0,0,0,0,0,0,1,1,1,0
170059,1,0,0,0,0,0,0,0,1,0
170068,0,0,0,0,0,0,0,0,1,0
170078,0,,0,1,0,0,1,0,1,0
170088,1,0,0,0,0,0,1,0,1,0
170098,0,0,0,1,0,0,1,0,0,0
170108,0,0,0,0,0,0,0,0,1,0
170118,0,1,0,0,0,0,1,0,1,0
180003,0,0,0,1,0,0,0,0,0,0
180010,0,0,0,0,0,0,0,0,1,0
180017,0,0,0,0,0,0,0,0,1,0
180031,0,0,0,0,0,0,0,0,1,0
180038,0,0,0,0,0,0,1,0,0,0
180045,0,0,0,1,1,0,1,0,0,1
180052,0,0,0,0,0,0,1,0,1,0
180058,0,0,0,0,0,0,1,0,1,0
180065,0,0,0,1,0,0,1,0,0,0
180072,0,0,0,0,0,0,0,0,0,0
180079,0,0,0,0,0,0,1,0,0,0
180086,0,0,0,1,0,0,1,0,1,0
190004,0,0,0,1,1,0,1,1,0,0
190015,0,0,0,0,0,0,0,0,1,0
190026,0,0,0,0,0,0,0,0,1,0
190036,0,0,1,0,0,0,1,0,0,0
190047,0,0,0,0,0,0,1,0,1,0
190057,0,0,0,1,0,0,0,0,0,0
190068,0,0,0,1,0,0,1,0,0,1
190078,,,0,1,0,0,0,0,1,0
190089,0,1,0,0,0,0,0,0,0,0
190099,0,0,0,0,0,0,1,0,0,1
190110,0,0,0,0,0,0,0,0,1,0
190121,0,0,0,0,0,0,1,0,0,0
190131,0,0,0,1,0,0,0,0,0,0
200006,0,0,0,1,0,0,1,0,0,0
200013,0,0,0,0,1,0,0,0,0,0
200021,0,0,0,0,0,0,0,0,0,0
200028,0,,0,0,0,0,0,0,1,0
200035,0,0,0,0,0,0,1,0,0,0
200042,0,0,1,0,0,0,0,0,1,0
200050,0,0,0,0,0,0,1,1,0,0
200057,0,1,0,0,0,0,0,0,1,0
200064,0,0,0,0,0,0,0,0,1,0
200072,0,0,0,0,0,0,1,0,1,0
200079,0,0,0,0,0,0,0,0,0,0
200086,0,0,0,0,0,0,0,0,0,0
210009,0,0,0,1,0,0,1,0,0,0
210020,0,0,0,1,0,0,1,0,0,0
210032,0,0,0,0,0,0,1,0,1,0
210043,0,0,0,0,0,0,1,0,0,0
210054,0,0,0,,0,0,1,0,1,0
210065,0,0,0,0,0,0,1,0,0,0
210077,0,0,0,0,0,0,1,0,0,0
210088,0,0,0,0,0,0,0,0,1,0
210111,0,0,0,1,0,0,1,0,0,0
210122,0,0,0,1,0,0,1,0,1,1
210133,0,0,0,0,0,0,0,1,1,0
220001,0,1,0,1,1,0,1,0,1,0
220009,0,1,0,0,0,0,1,0,1,0
220017,0,0,0,1,0,0,1,0,0,0
220025,0,0,0,0,0,0,1,0,0,0
220033,0,0,0,0,0,0,0,0,1,0
220041,0,1,0,0,1,0,1,0,1,1
220048,0,0,0,0,0,0,0,0,1,0
220056,0,0,0,0,0,0,0,0,0,0
220064,0,0,0,0,0,0,1,0,0,0
220072,0,0,0,0,0,0,1,0,1,0
220080,0,0,0,0,0,0,0,0,1,0
220088,0,1,0,0,0,0,0,0,1,0
220095,0,0,0,1,0,0,0,0,0,0
230002,0,0,0,0,0,0,0,0,0,0
230015,0,0,0,1,0,0,1,0,0,0
230028,0,0,0,1,1,0,1,0,0,1
230041,0,0,0,0,0,0,1,0,0,0
230053,0,0,0,0,0,0,1,0,0,0
230066,0,,0,0,0,0,0,0,1,0
230079,0,0,0,1,1,0,1,0,1,0
230091,0,0,0,1,1,0,1,0,0,1
230104,0,0,0,0,0,0,1,1,1,0
230117,,,0,0,0,0,0,0,1,0
230142,0,0,0,1,1,0,1,0,1,0
230155,,,0,1,1,0,0,0,1,0
240005,0,0,0,0,0,0,0,0,1,0
240011,0,0,0,1,0,0,1,0,1,0
240017,0,1,0,0,0,0,0,0,1,0
240024,0,1,0,0,0,0,0,0,1,0
240030,0,0,0,1,0,0,0,0,0,0
240037,0,,0,0,0,0,0,0,1,0
240049,0,0,0,1,0,0,1,1,0,0
240056,0,0,0,0,0,0,0,0,1,0
240062,0,0,0,0,0,0,1,0,1,0
240075,0,1,0,0,0,0,0,0,0,0
250011,0,0,0,0,0,0,1,0,1,0
250021,0,0,0,0,0,0,1,0,1,0
250032,,,0,1,0,0,0,0,0,0
250042,0,0,1,0,0,0,1,0,1,0
250053,1,0,0,0,0,0,1,0,1,0
250074,0,0,0,0,1,0,1,0,0,1
250084,0,0,0,0,0,0,0,0,1,0
250094,0,0,0,0,0,0,0,1,1,0
250105,0,0,0,0,0,0,1,0,1,0
250115,0,,0,0,0,0,1,0,1,0
250126,0,0,0,0,0,0,1,0,1,0
260004,0,0,0,1,0,0,1,0,0,1
260013,0,0,0,1,0,0,1,0,0,1
260022,0,0,0,0,0,0,0,0,1,0
260039,0,0,1,0,1,0,1,1,1,0
260047,0,0,0,1,0,0,0,0,1,0
260056,0,0,0,0,0,0,1,0,0,0
260064,0,0,0,0,0,0,0,0,1,0
260081,0,0,0,0,0,0,0,0,1,0
260099,0,1,0,0,0,0,0,0,1,0
260107,0,0,0,0,0,0,0,0,0,0
270005,0,0,0,0,0,0,1,0,0,1
270018,0,0,0,0,0,0,0,0,0,0
270030,0,0,0,0,0,0,0,0,1,0
270042,0,0,0,0,0,0,0,0,1,0
270055,0,0,0,0,0,0,0,0,1,0
270079,0,,0,0,0,0,0,0,1,0
270092,0,0,0,0,0,0,0,0,0,0
270104,0,0,0,1,0,0,1,0,0,1
270116,0,0,0,0,0,0,0,0,1,0
270129,0,0,0,1,0,0,1,0,0,0
270141,0,0,0,0,0,0,0,0,1,0
270153,0,0,0,0,0,0,1,0,0,0
280008,0,0,0,0,0,0,1,0,0,0
280016,0,0,0,0,0,0,1,0,0,0
280025,0,0,0,0,0,0,1,0,1,0
280033,0,0,0,1,0,0,1,0,1,0
280042,0,0,0,0,0,0,0,0,1,0
280050,0,0,0,0,0,0,0,0,1,0
280059,0,0,0,0,0,0,1,0,0,0
280067,0,0,0,0,0,0,0,0,1,0
280084,0,0,0,1,0,0,0,0,0,0
280092,1,0,1,0,0,0,0,0,0,0
280101,0,0,0,1,0,0,0,0,0,0
290009,0,0,0,0,0,0,0,1,0,0
290019,0,0,0,0,0,0,1,1,0,0
290029,0,0,0,1,0,0,1,0,1,0
290040,0,0,0,1,0,0,1,0,0,0
290060,0,0,0,1,0,0,1,1,0,1
290070,1,0,0,0,0,0,0,0,1,0
290081,0,0,0,0,0,0,1,0,1,0
290091,0,0,0,0,0,0,0,0,1,0
290101,0,0,0,0,0,0,0,0,1,0
290112,0,1,0,0,0,0,0,0,1,0
290122,0,1,0,0,0,0,0,0,1,0
300001,0,0,0,0,0,0,1,1,1,0
300008,,,0,0,0,0,0,0,1,0
300014,0,0,0,0,0,0,0,0,1,0
300021,0,0,0,0,0,0,0,0,0,0
300033,0,0,0,0,0,0,1,0,1,0
300040,0,0,0,0,0,0,0,0,1,0
300046,0,0,0,0,0,0,1,0,0,0
300053,0,0,0,0,0,0,1,0,0,0
300059,0,0,0,1,0,0,1,0,0,0
300065,0,0,0,0,0,0,1,0,1,0
300072,0,0,0,0,0,0,0,0,1,0
300078,0,0,0,1,0,0,1,0,0,0
310006,0,0,0,0,0,0,0,0,1,0
310014,0,0,0,0,0,0,0,0,1,0
310023,0,0,0,0,0,0,1,0,0,0
310031,0,0,0,0,0,0,1,0,0,0
310040,0,0,0,1,1,0,1,0,1,1
310048,0,0,0,1,0,0,1,0,1,0
310057,0,0,0,0,0,0,0,0,1,0
310066,0,0,0,0,0,0,1,0,1,0
310074,0,0,0,1,1,0,1,0,0,0
310083,0,0,0,0,0,0,1,0,1,0
310091,0,0,0,0,0,0,1,0,1,0
310100,0,0,0,0,0,0,1,0,1,0
320004,0,0,1,0,0,0,1,0,0,0
320010,0,0,0,0,0,0,0,0,1,0
320015,0,0,0,0,0,0,1,0,1,0
320026,0,0,0,1,0,0,1,0,0,0
320031,0,0,0,1,0,0,1,0,1,0
320048,0,0,0,0,0,0,1,0,0,0
320053,0,0,0,0,0,0,1,0,1,0
320059,0,0,0,0,0,0,1,0,0,1
320064,0,1,0,0,0,0,1,0,1,0
330010,0,0,0,0,0,0,0,0,1,0
330017,1,0,1,0,0,0,1,0,1,0
330024,0,0,0,1,0,0,1,0,0,0
330031,0,0,0,1,0,0,1,0,0,1
330044,0,0,0,0,0,0,0,0,1,0
330051,0,1,0,0,0,0,0,0,1,0
330058,0,0,0,1,0,0,1,0,0,0
330065,0,1,0,1,0,0,1,0,1,0
330071,0,0,0,0,0,0,1,0,0,1
330078,0,1,0,0,0,0,0,0,1,0
330085,0,1,0,0,0,0,0,0,1,0
340004,0,1,1,0,0,0,0,0,1,0
340013,0,1,1,0,0,0,0,0,1,0
340022,0,1,0,0,0,0,0,0,1,0
340030,0,0,0,0,0,0,1,0,0,0
340039,0,0,0,0,0,0,1,0,0,1
340048,0,1,0,0,0,0,1,0,1,0
340065,0,1,1,0,0,0,1,0,1,0
340074,0,0,1,0,0,0,1,0,1,0
340082,0,0,0,1,1,0,1,0,1,1
340091,0,0,0,0,0,0,0,0,1,0
340108,0,0,0,0,0,0,1,0,0,0
350010,0,0,0,0,0,0,0,0,0,0
350016,0,0,0,1,0,0,1,1,0,0
350021,0,1,1,0,0,0,0,0,1,0
350026,0,0,0,0,0,0,0,0,1,0
350031,0,0,0,,0,0,1,0,1,0
350037,0,1,0,0,0,0,1,0,1,0
350042,0,0,0,0,0,0,0,0,1,0
350047,0,0,0,0,0,0,1,0,1,0
350053,0,,0,0,0,0,0,0,1,0
350058,0,0,0,0,0,0,1,0,1,0
350063,0,0,0,0,0,0,1,0,1,0
360008,0,0,0,0,0,0,1,0,0,0
360017,0,0,0,1,0,0,0,0,1,0
360027,0,,0,0,0,0,1,0,1,0
360045,0,0,0,1,0,0,1,0,0,1
360064,0,0,0,0,0,0,1,0,1,0
360073,0,0,0,0,0,0,1,0,1,0
360082,0,0,0,0,0,0,1,0,0,0
360092,0,1,1,1,0,0,1,0,1,0
360110,0,0,0,0,0,0,1,0,1,0
370001,0,0,0,1,1,0,0,0,0,0
370006,0,0,0,0,0,0,0,0,1,0
370011,0,0,0,0,0,0,1,0,1,0
370015,0,0,0,,0,0,1,0,0,0
370020,0,0,1,0,0,0,1,0,1,0
370024,0,1,0,0,0,0,1,0,1,0
370030,0,0,0,0,0,0,1,0,0,0
370034,0,0,0,1,0,0,1,0,0,0
370039,0,0,0,0,0,0,1,0,1,0
370043,0,0,0,0,0,0,0,0,1,0
370048,1,0,0,0,0,0,1,0,1,0
370053,0,0,0,0,0,0,1,0,1,0
370057,0,0,0,1,0,0,1,0,1,0
380001,0,,0,0,0,0,1,0,1,0
380009,0,0,0,1,0,0,1,0,1,0
380016,0,0,0,0,0,0,1,1,1,0
380024,0,0,0,0,0,0,0,0,1,0
380031,0,0,0,0,0,0,1,0,1,0
380039,0,0,0,1,0,0,0,0,0,0
380047,0,0,0,0,0,0,0,0,1,0
380054,0,0,0,0,0,0,1,0,1,0
380062,0,0,0,0,0,0,1,0,0,0
380069,0,1,0,0,0,0,1,0,1,0
380077,0,1,0,0,0,0,1,0,1,0
380084,0,0,0,1,0,0,1,1,1,0
380092,0,0,0,1,0,0,1,0,0,1
390007,0,0,0,0,1,0,1,1,1,1
390019,0,0,0,0,0,0,0,0,1,0
390030,0,1,0,0,0,0,0,0,1,0
390042,1,1,0,0,0,0,0,0,1,0
390053,0,0,0,0,0,0,1,0,1,0
390065,0,0,1,0,0,0,1,0,1,0
390076,0,0,0,0,0,0,1,0,0,0
390088,0,1,1,0,0,0,1,0,1,0
390099,0,0,0,1,0,0,1,1,0,1
390111,0,0,1,1,0,0,1,0,1,0
390122,0,,0,1,0,0,1,1,1,0
390134,0,0,0,0,0,0,1,0,0,0
400013,0,0,0,0,0,0,1,0,1,0
400020,0,0,1,1,0,0,1,0,1,0
400027,0,0,1,0,0,0,1,0,0,1
400035,0,0,0,0,0,0,1,0,1,0
400042,,,0,1,0,0,1,0,1,0
400050,0,0,0,0,0,0,0,0,1,0
400057,0,1,0,0,0,0,0,0,1,0
400065,0,1,0,0,0,0,0,0,1,0
400080,0,0,0,0,0,0,0,0,1,0
400087,0,0,0,0,0,0,1,0,0,0
410003,,,0,0,0,0,0,0,1,0
410011,0,0,0,0,0,0,0,0,0,0
410018,0,0,0,0,0,0,0,0,1,0
410025,0,0,0,0,0,0,0,0,1,0
410032,0,0,0,0,0,0,0,0,0,0
410039,0,0,0,1,0,0,0,0,0,1
410047,0,,0,0,0,0,0,0,1,0
410054,0,0,0,0,0,0,0,0,0,0
410061,0,0,0,0,0,0,0,0,1,0
410068,0,1,0,0,0,0,0,0,1,0
410075,0,0,0,0,0,0,0,0,0,0
410083,0,0,0,0,0,0,0,0,1,0
410090,0,0,0,0,0,0,0,0,0,0
420003,0,0,0,0,0,0,0,0,1,0
420009,0,0,0,0,0,0,1,0,0,1
420016,0,0,0,0,0,0,1,0,1,0
420022,0,0,0,0,0,0,0,0,1,0
420034,0,0,0,0,0,0,0,0,1,0
420040,0,0,0,0,0,0,0,0,1,0
420052,0,0,0,0,0,0,0,0,1,0
420058,0,0,0,0,0,0,1,1,1,0
420064,0,0,0,0,0,0,1,1,0,0
420070,0,1,0,0,0,0,0,0,1,0
420076,0,0,0,0,0,0,1,0,0,0
430005,0,0,0,1,0,0,1,0,1,0
430010,0,0,0,0,0,0,1,0,0,0
430015,0,1,0,1,0,1,1,0,1,1
430021,0,0,0,0,0,0,1,0,1,0
430026,0,0,0,0,0,0,0,0,1,0
430031,0,0,0,0,0,0,0,0,0,0
430036,0,0,0,0,0,0,0,0,1,0
430041,0,0,0,0,0,0,1,0,1,0
430047,0,0,0,0,0,0,1,0,1,0
430052,0,1,1,1,0,0,1,1,1,0
430057,0,0,0,0,0,0,1,1,0,1
430062,0,0,0,0,0,0,0,0,1,0
440004,1,0,0,0,0,0,0,0,1,0
440010,0,0,1,0,0,0,0,0,1,0
440016,0,0,0,0,0,0,0,0,0,0
440028,0,0,0,1,0,0,1,0,1,0
440034,0,0,0,0,0,0,1,0,1,0
440040,0,0,0,0,0,0,0,0,1,0
440046,0,0,0,0,0,0,1,0,1,0
440052,,,0,0,0,0,0,0,1,0
440058,0,1,0,0,0,1,0,1,1,0
440064,,,0,0,0,0,0,0,1,0
440069,1,1,1,0,0,0,0,0,1,0
450002,0,0,0,0,0,0,0,0,1,0
450011,0,0,0,1,0,0,1,0,1,1
450019,0,0,1,0,0,0,0,0,1,0
450028,0,0,0,0,0,0,1,0,0,0
450036,0,,0,0,0,0,0,0,0,0
450045,0,0,0,0,0,0,0,0,1,0
450062,0,1,0,0,0,0,0,0,1,0
450070,0,0,0,0,0,0,0,0,1,0
450079,1,1,0,0,0,0,0,0,1,0
450087,0,0,0,0,0,0,0,0,0,0
450096,0,0,0,0,0,0,0,0,0,0
450104,0,1,1,1,0,0,0,0,1,0
460010,0,1,0,0,0,0,0,0,1,0
460018,0,0,0,0,0,0,0,0,1,0
460027,0,0,0,0,0,0,0,0,1,0
460035,0,0,0,0,0,0,0,0,0,0
460044,0,0,0,0,0,0,0,0,1,0
460052,0,0,0,0,0,0,0,0,0,0
460061,0,0,0,0,0,0,0,0,1,0
460069,0,0,0,0,0,0,0,0,0,0
460078,1,0,0,0,0,0,1,0,1,0
460086,0,0,0,0,0,0,1,0,1,0
460095,0,,0,0,0,0,0,0,0,0
460103,1,0,0,0,0,0,0,0,1,0
470005,0,0,0,,0,0,1,0,1,0
470012,0,1,1,0,0,0,1,0,1,0
470027,0,0,0,0,0,0,1,1,1,0
470034,1,1,0,0,0,0,1,0,1,0
470041,0,1,1,0,0,0,1,0,1,0
470049,0,0,0,0,0,0,0,0,1,0
470056,1,0,0,0,0,0,1,0,1,0
470063,0,0,0,0,0,0,0,0,1,0
470071,0,0,0,0,0,0,0,0,1,0
470078,0,,0,0,0,0,1,1,1,0
470085,0,1,0,0,0,0,0,0,1,0
480005,0,0,0,0,0,0,1,1,1,0
480011,1,0,0,0,0,0,0,0,1,0
480017,0,0,0,0,0,0,0,0,1,0
480023,0,0,0,0,0,0,0,0,1,0
480028,0,0,0,0,0,0,0,0,1,0
480034,0,1,0,0,0,0,1,0,1,0
480040,0,0,0,0,0,0,1,0,0,0
480046,0,0,0,0,0,0,0,0,1,0
480051,0,,0,0,0,0,1,0,1,0
480057,0,0,0,0,0,0,0,0,1,0
480063,0,0,0,1,0,0,1,0,1,0
480069,0,0,0,0,0,0,0,0,1,0
490002,0,1,0,0,0,0,1,0,1,0
490008,0,1,0,0,0,0,0,0,1,0
490014,0,0,0,0,0,0,1,0,1,0
490020,0,0,0,1,0,0,1,0,0,1
490026,0,1,0,0,0,0,0,0,1,0
490032,0,0,0,0,1,0,1,0,1,0
490037,0,0,0,1,0,0,1,0,1,0
490043,,,0,1,0,0,0,0,0,0
490049,0,1,0,0,0,0,1,0,1,0
490055,1,,0,0,1,0,1,0,1,0
490061,0,0,0,0,0,0,1,0,1,0
490067,0,1,0,0,0,0,0,0,1,0
490072,0,0,1,0,0,0,0,0,1,0
500002,0,0,0,0,1,0,1,0,1,0
500008,0,0,0,1,0,0,1,0,1,0
500014,0,0,1,0,0,0,1,0,1,0
500020,0,0,0,1,0,0,1,0,1,0
500026,0,1,0,0,0,0,1,0,1,0
500032,0,0,1,0,0,0,0,0,1,0
500037,0,0,0,0,0,0,1,0,1,0
500043,0,1,0,0,0,0,1,0,1,0
500055,0,0,0,0,0,0,1,0,0,1
500061,0,0,1,1,0,0,1,0,1,0
500067,0,1,0,0,1,0,0,0,1,0
510006,,,0,0,0,0,1,0,0,0
510021,0,0,0,0,0,0,0,0,1,0
510028,0,0,0,0,0,0,1,0,0,0
510036,0,0,0,0,0,0,0,0,1,0
510043,0,0,0,0,0,0,0,0,1,0
510051,0,0,0,1,0,0,1,0,0,1
510058,,,1,0,0,0,0,0,1,0
510066,0,0,0,0,0,0,1,0,0,0
510073,0,0,0,0,0,0,0,0,0,0
510081,0,1,0,0,0,0,0,0,1,0
510088,0,0,0,0,0,0,0,0,0,0
520002,0,0,0,0,0,0,1,0,0,0
520010,0,,0,0,0,0,0,0,1,0
520018,0,1,0,0,0,0,1,0,1,0
520026,0,0,0,0,0,0,0,0,1,0
520034,0,0,0,0,0,0,0,0,0,0
520042,0,0,0,0,0,0,1,0,1,0
520050,0,0,0,0,0,0,0,0,1,0
520058,1,0,1,0,0,0,1,1,1,0
520066,0,0,0,0,0,0,0,0,0,0
520074,0,0,1,0,1,0,1,1,1,0
520082,0,1,0,0,0,0,0,0,1,0
520090,0,0,0,0,0,0,1,0,0,1
520097,0,0,0,1,1,0,1,1,0,0
530002,0,0,1,0,0,0,1,0,1,0
530013,0,0,0,0,0,0,0,0,1,0
530023,0,1,0,0,0,0,0,0,1,0
530033,0,0,0,0,0,0,0,0,1,0
530054,0,0,0,0,0,0,0,0,1,0
530064,0,0,1,0,0,0,1,0,1,0
530074,0,0,0,0,0,0,1,0,1,0
530084,0,0,1,0,0,0,0,0,1,0
530095,0,0,0,0,0,1,1,0,1,0
530105,0,0,0,0,0,0,0,0,1,0
530115,0,1,0,1,0,0,0,0,1,0
530125,0,1,0,0,0,0,1,0,1,0
540005,0,0,0,0,0,0,1,0,0,0
540012,0,1,0,0,0,0,0,0,1,0
540019,0,0,0,1,0,0,1,0,0,0
540027,0,1,0,0,0,0,1,0,1,0
540034,0,1,0,0,0,0,0,0,1,0
540041,0,0,0,0,0,0,1,0,0,0
540048,1,0,1,0,0,0,0,0,1,0
540055,0,0,0,1,1,0,1,0,0,1
540063,0,1,0,0,0,0,0,0,1,0
540070,0,0,0,0,0,0,0,0,1,0
540077,0,0,0,0,0,0,1,0,1,0
540084,0,0,0,0,0,0,1,0,1,0
550012,0,0,0,1,0,0,1,0,1,0
550019,0,0,0,1,0,0,1,0,0,0
550026,0,0,0,0,0,1,0,0,0,1
550033,0,0,0,0,0,0,0,0,1,0
550041,0,1,0,0,0,0,0,0,1,0
550048,1,0,0,0,0,0,1,0,1,0
550055,0,0,0,1,0,0,1,0,0,0
550062,0,0,0,0,0,0,0,0,1,0
550069,0,0,0,0,0,0,0,0,0,0
560002,0,0,0,1,0,0,1,0,1,0
560008,0,0,0,1,0,0,1,0,1,0
560013,0,1,0,0,0,0,0,0,1,0
560018,0,,0,0,0,0,0,0,1,0
560023,0,0,0,0,1,0,1,0,0,1
560028,0,1,0,0,0,0,0,0,1,0
560034,0,0,0,0,0,0,1,0,0,0
560039,0,,1,0,0,0,0,0,1,0
560044,0,0,0,0,0,0,1,0,1,0
560049,0,0,0,0,1,0,1,0,1,0
560060,0,1,0,0,0,0,0,0,1,0
560065,0,0,0,0,0,0,0,0,0,0
570004,0,1,0,0,0,0,0,0,1,0
570020,0,0,0,0,0,0,1,0,1,0
570028,0,0,0,0,0,0,1,0,1,0
570036,0,0,0,0,0,0,1,0,1,0
570044,0,0,0,0,0,0,1,0,1,0
570052,0,0,0,0,0,0,1,0,0,0
570068,0,1,0,0,0,0,0,0,1,0
570076,0,0,0,0,0,0,1,0,1,0
570084,0,0,0,1,0,0,1,0,1,0
570092,0,1,1,0,0,0,0,0,1,0
570100,0,1,0,0,0,0,0,0,1,0
580006,1,0,0,0,0,0,0,0,1,0
580013,0,0,0,0,0,0,0,0,1,0
580019,0,0,0,1,0,0,0,0,1,0
580025,0,0,0,0,0,0,0,0,1,0
580031,0,0,0,0,1,0,1,0,1,1
580037,0,0,0,0,0,0,0,0,1,1
580043,0,0,0,0,0,0,0,0,0,0
580050,0,0,1,0,0,0,0,0,1,0
580056,1,0,0,0,0,0,0,0,1,0
580062,0,0,0,0,0,0,0,0,1,0
580068,0,,0,0,0,0,0,0,1,0
580074,0,,0,0,0,0,1,0,1,0
590006,0,0,0,0,1,0,1,0,0,0
590014,0,0,0,0,0,0,0,0,1,0
590021,0,0,0,0,0,0,0,0,1,0
590028,0,0,0,0,0,0,0,0,0,0
590036,0,0,0,0,0,0,0,0,1,0
590043,0,0,1,0,0,0,0,0,1,0
590058,0,0,0,0,0,0,0,0,0,0
590066,0,,0,0,0,0,0,0,0,0
590073,1,0,0,0,0,0,0,0,1,0
590081,0,1,0,0,0,0,0,0,1,0
590088,0,1,0,0,0,0,0,0,1,0
600002,0,,0,0,0,0,1,0,1,0
600010,0,0,0,1,1,0,1,0,0,0
600017,0,0,0,0,0,0,0,0,1,0
600038,0,0,0,1,1,0,1,0,0,0
600046,0,,1,0,0,0,0,0,1,0
600053,0,0,0,0,0,0,0,0,1,0
600060,0,1,0,0,0,0,0,0,1,0
600067,0,1,0,0,0,0,1,0,1,0
600074,0,0,0,1,1,0,1,0,1,0
600082,0,0,0,1,0,0,1,0,1,1
600089,0,1,0,0,0,0,0,0,1,0
610002,0,1,0,0,0,0,0,0,1,0
610014,0,0,1,1,0,0,0,0,1,0
610026,0,0,0,1,0,0,1,0,0,0
610038,0,0,0,0,0,0,0,0,1,0
610050,0,0,0,,0,0,1,0,0,0
610062,0,0,0,0,0,0,0,0,1,0
610073,0,0,0,0,0,0,1,0,0,0
610097,0,0,0,0,0,0,1,1,1,0
610109,0,1,0,0,0,0,0,0,1,0
610121,0,1,1,0,0,0,1,0,1,0
610133,0,1,0,0,0,0,0,0,1,0
610144,0,0,0,0,0,0,1,0,1,0
620005,0,1,0,0,0,0,0,0,1,0
620012,0,0,1,0,0,0,0,0,1,0
620018,0,0,0,1,0,0,1,0,0,1
620025,0,1,1,0,0,0,1,0,1,0
620032,,,0,1,0,0,0,0,1,0
620039,0,0,0,0,0,0,0,0,1,0
620046,0,1,0,0,0,0,0,0,1,0
620052,0,0,0,0,0,0,0,0,1,0
620059,0,0,1,0,1,0,1,0,1,1
620066,0,0,0,0,1,0,1,0,1,0
620073,0,1,0,0,0,0,1,0,1,0
620080,0,0,0,1,1,0,0,0,0,0
630005,0,0,0,0,0,0,0,0,1,0
630011,0,1,1,0,0,0,0,0,1,0
630018,0,0,0,0,0,0,1,0,1,0
630024,0,0,0,0,0,0,1,0,1,0
630031,0,0,0,0,0,1,0,0,1,0
630037,0,0,0,0,0,0,1,0,1,0
630044,0,0,0,0,0,0,1,0,1,0
630050,0,0,0,0,0,0,1,0,0,1
630056,0,0,0,0,0,0,0,0,1,0
630063,0,0,0,0,0,0,0,0,1,0
630069,0,0,0,0,0,0,1,0,1,0
630076,0,0,0,1,1,0,1,0,0,0
640002,0,0,1,0,0,0,0,0,1,0
640008,0,1,0,0,0,0,0,0,1,0
640014,0,0,0,0,0,0,1,0,1,0
640020,0,0,0,0,0,0,0,0,1,0
640026,0,0,0,0,0,0,1,0,1,0
640032,0,1,0,1,0,0,1,0,0,0
640037,0,0,0,1,0,0,0,0,1,0
640043,0,0,0,0,0,0,1,0,1,0
640049,0,0,0,1,1,0,1,0,1,1
640055,0,0,0,1,0,0,1,1,0,0
640061,0,0,0,0,0,0,1,0,1,0
640067,0,0,0,0,0,0,0,0,1,0
640072,0,0,0,0,0,0,1,0,0,0
650002,0,0,0,0,0,0,0,0,1,0
650008,0,1,0,0,0,0,1,0,1,0
650014,0,0,0,1,0,0,1,0,0,0
650020,0,0,0,1,0,0,0,0,0,0
650025,0,0,0,0,0,0,0,0,1,0
650031,0,0,0,0,1,0,1,0,1,0
650037,0,0,0,0,0,0,1,1,1,0
650043,0,1,0,0,0,0,1,1,1,0
650048,0,0,1,0,1,0,1,0,1,0
650054,0,0,0,1,1,1,1,0,1,1
650060,0,0,0,0,0,0,0,0,0,0
650066,0,0,0,0,0,0,1,0,1,0
650072,0,1,0,0,0,0,1,0,1,0
660006,0,0,0,1,0,0,1,0,1,0
660014,0,1,1,0,0,0,1,0,1,0
660022,0,0,0,0,0,0,1,0,0,0
660030,0,1,0,0,0,0,1,0,1,0
660038,0,0,0,0,0,0,1,0,0,0
660046,0,0,0,0,0,0,0,0,0,0
660053,1,1,1,0,0,0,1,0,1,0
660061,0,0,1,0,0,0,1,0,1,0
660077,0,0,0,0,0,0,1,0,0,0
660085,0,1,0,0,0,0,1,0,1,0
660093,0,0,0,0,0,0,0,0,0,0
670006,1,0,0,0,1,0,1,0,1,0
670014,0,1,1,0,0,0,0,0,1,0
670022,0,1,0,0,0,0,0,0,1,0
670030,0,0,0,0,1,0,0,1,1,0
670038,0,0,0,,0,0,0,0,0,1
670046,0,0,0,0,1,0,1,0,0,0
670054,0,0,0,1,0,0,1,0,1,0
670062,0,0,0,0,0,0,1,0,1,0
670070,0,1,0,1,0,0,1,0,1,1
670078,0,1,0,1,0,0,1,0,1,0
670086,0,,0,0,1,0,1,0,1,0
670093,0,0,0,0,0,0,0,0,1,0
680001,0,0,1,0,0,0,0,0,1,0
680007,0,0,0,0,0,0,0,0,1,0
680013,0,0,1,1,0,0,1,0,1,0
680019,0,0,0,0,0,0,1,0,1,0
680025,0,0,0,0,0,0,1,0,1,0
680031,0,,0,0,0,0,1,0,1,1
680037,0,0,0,0,0,0,0,0,1,0
680043,0,1,0,0,0,0,0,0,1,0
680049,0,0,0,0,0,0,1,0,1,0
680055,0,1,0,0,0,0,0,0,1,0
680061,0,0,0,0,0,0,0,0,1,0
680067,0,0,0,0,0,0,1,0,1,0
680072,0,0,1,0,0,0,0,0,1,0
690001,0,0,0,0,0,0,0,0,1,0
690008,0,0,0,0,0,0,0,0,0,0
690015,0,0,0,0,0,0,0,0,1,0
690022,0,0,0,0,0,0,1,0,1,0
690029,0,0,0,0,0,0,0,0,0,0
690036,0,0,0,0,0,0,0,0,1,0
690050,0,0,0,0,0,0,0,0,0,0
690057,0,0,0,0,0,0,0,0,1,0
690064,0,0,0,0,0,0,0,0,1,0
690071,0,0,0,0,0,0,0,0,0,0
690085,0,0,0,0,0,0,1,0,1,0
700005,0,0,0,0,0,0,0,0,1,0
700013,0,0,0,0,0,0,0,0,1,0
700020,0,0,0,0,0,0,1,0,0,1
700028,0,0,0,0,0,0,1,0,1,0
700035,,0,0,0,1,0,1,0,1,1
700043,0,0,0,0,0,0,0,0,1,0
700050,0,,0,0,0,0,1,0,1,0
700058,0,0,0,0,0,0,1,0,1,0
700065,0,0,0,0,0,0,1,0,0,0
700073,0,0,0,0,0,0,0,0,1,0
700080,0,0,0,1,0,0,0,0,0,0
710007,0,0,0,0,1,0,1,0,1,1
710014,0,0,0,0,0,0,1,0,1,0
710021,0,1,0,0,1,0,1,0,1,0
710028,0,0,0,1,1,0,1,0,1,1
710036,0,0,1,0,0,0,0,0,1,0
710043,0,0,0,0,1,0,1,0,1,0
710064,0,0,0,0,0,0,1,0,0,1
710071,0,0,0,0,0,0,0,0,1,0
710077,0,0,1,0,0,0,0,0,1,0
710084,0,0,0,0,0,0,1,0,0,0
720004,0,1,0,0,0,0,0,0,1,0
720022,0,0,0,0,0,0,0,0,1,0
720032,0,1,1,0,0,0,0,0,1,0
720041,1,0,0,0,0,0,0,0,1,0
720050,0,0,0,0,1,0,1,0,0,0
720059,0,0,1,0,0,0,0,0,0,0
720068,0,0,0,0,0,0,0,0,0,0
720077,0,0,0,0,0,0,0,0,1,0
720086,0,0,0,0,0,0,0,0,1,0
720095,0,1,0,0,0,0,0,0,1,0
720104,0,0,0,0,0,0,0,1,1,0
720113,0,0,0,0,0,0,1,0,1,0
730003,0,0,0,0,0,0,0,0,1,0
730010,0,0,0,0,0,0,0,0,0,0
730016,0,0,0,0,0,0,0,0,1,0
730022,0,0,0,1,1,0,1,0,0,0
730028,0,0,0,0,0,0,0,0,1,0
730034,0,0,0,0,0,0,0,0,1,0
730040,0,0,0,0,0,0,1,0,1,0
730047,0,1,0,0,0,0,0,0,1,0
730053,0,0,0,0,0,0,1,0,1,0
730059,0,0,0,0,0,0,0,0,1,0
730065,0,0,0,0,0,0,1,0,1,0
730071,0,1,0,1,0,0,1,0,1,0
730077,0,0,1,0,0,0,0,0,1,0
740006,0,0,0,0,0,0,1,0,1,0
740014,0,0,0,0,0,0,0,0,1,0
740030,0,0,0,0,0,0,0,0,0,0
740038,0,0,0,0,0,0,0,0,1,0
740046,1,0,0,0,0,0,0,0,1,0
740053,0,0,0,0,0,0,0,0,1,0
740061,0,0,0,0,0,0,0,0,1,0
740069,0,0,0,0,0,0,0,0,1,0
740077,0,0,0,0,0,0,0,0,0,0
740085,0,0,0,0,0,0,0,0,1,0
740093,0,0,0,0,0,0,0,0,1,0
750001,0,0,0,0,0,0,0,0,1,0
750007,0,0,0,0,0,0,1,0,0,0
750012,0,0,0,0,0,0,1,0,0,0
750017,0,1,0,0,0,0,1,0,1,0
750023,0,0,0,1,0,0,1,0,0,0
750028,0,0,0,1,0,0,0,0,0,0
750033,0,0,0,0,0,0,0,0,0,0
750038,0,0,0,0,0,0,0,0,1,0
750044,0,0,0,0,0,0,0,0,1,0
750049,0,0,0,0,0,0,1,0,1,0
750054,0,,0,1,1,0,1,0,1,0
750059,0,0,0,0,0,0,0,0,1,0
750065,0,1,0,0,0,0,0,0,1,0
760002,0,0,0,1,0,0,1,0,0,1
760011,0,0,1,1,0,0,0,0,1,0
760020,,,0,0,1,0,1,0,1,1
760028,1,0,0,0,0,0,1,0,1,1
760037,0,0,0,0,0,0,0,0,1,0
760045,0,0,0,0,0,0,0,0,1,0
760054,0,,0,0,0,0,1,0,1,0
760062,0,0,0,0,0,0,0,0,1,0
760071,0,0,0,0,0,0,1,0,1,0
760079,0,1,0,0,1,0,0,0,1,1
760088,0,0,0,0,0,0,0,0,1,0
760097,0,0,0,0,0,0,0,0,0,0
760105,0,0,0,0,0,0,0,0,1,0
770005,0,0,0,1,0,0,1,0,0,0
770012,0,0,0,0,0,0,1,0,1,0
770020,0,1,0,0,0,0,1,0,1,0
770027,1,,1,1,0,0,0,0,1,0
770034,0,0,0,0,1,0,1,0,1,0
770041,0,0,0,0,1,0,1,0,0,0
770049,0,,0,0,0,0,1,0,1,0
770056,0,0,1,0,0,0,0,0,1,0
770071,0,0,1,0,0,0,0,0,1,0
770078,,0,1,0,0,0,0,0,1,0
780005,0,0,1,0,0,0,1,0,1,1
780013,0,1,0,0,0,0,0,0,1,0
780021,0,0,0,1,0,0,1,0,1,0
780029,0,0,0,1,0,0,1,0,0,0
780037,0,0,0,0,0,0,1,0,1,0
780045,0,0,0,1,0,0,1,0,1,1
780052,0,1,0,0,1,0,1,0,1,0
780060,0,0,0,0,0,0,1,0,1,0
780076,0,0,0,0,0,0,0,0,1,0
780084,0,0,0,1,0,0,1,0,1,0
780092,0,0,0,1,0,0,1,1,0,0
790004,,,0,1,0,0,0,0,1,0
790021,0,0,0,0,0,0,0,0,0,0
790045,0,0,0,0,0,0,0,0,0,0
790053,0,0,0,0,0,0,0,0,1,0
790061,0,0,0,0,0,0,0,0,0,0
790069,0,1,0,0,1,0,1,0,1,1
790093,0,0,0,0,0,0,0,0,0,0
790101,0,0,0,0,0,0,0,0,1,0
800006,0,0,0,0,0,0,0,0,0,0
800037,0,,0,0,0,0,0,0,0,0
800052,0,0,0,0,0,0,0,0,0,0
800067,0,1,0,0,0,0,1,0,1,0
800082,0,0,0,0,0,0,0,0,1,0
800098,0,0,0,0,0,0,0,0,0,1
800113,0,0,0,0,0,0,0,0,1,0
800128,0,0,0,1,0,0,1,0,0,0
800158,0,0,0,0,0,0,0,0,1,0
800189,0,0,0,0,0,0,0,0,1,0
810007,0,0,0,0,0,0,1,0,0,0
810014,0,1,0,0,0,0,1,0,1,0
810027,0,0,0,0,0,0,0,0,1,0
810034,0,0,0,0,0,0,0,0,0,0
810041,1,0,0,,0,0,0,0,0,0
810048,0,0,0,0,0,0,1,0,1,0
810054,0,0,0,0,0,0,1,0,1,0
810061,1,0,0,1,0,0,1,0,1,1
810068,0,1,0,0,0,0,1,0,1,0
810075,0,0,0,0,0,0,1,0,1,0
810082,1,0,0,1,0,0,1,0,1,1
820009,0,0,0,0,0,0,0,0,1,0
820019,0,0,0,0,0,0,0,0,1,0
820030,1,1,0,0,0,0,0,0,1,0
820040,0,0,0,,0,0,0,0,1,1
820051,0,0,0,0,0,0,0,0,1,0
820061,0,0,0,0,0,0,1,0,0,1
820072,,,0,0,0,0,0,0,1,0
820082,0,0,0,0,0,0,1,0,1,0
820092,0,0,0,1,0,0,1,0,0,0
820103,0,1,1,1,0,0,0,0,1,0
820113,0,0,1,1,0,0,1,0,1,0
820124,0,0,0,0,0,0,1,0,0,0
830002,0,1,0,0,0,0,0,0,1,0
830012,0,0,0,0,0,0,0,0,0,0
830022,0,0,0,0,0,0,0,0,0,0
830051,0,,0,0,0,0,1,0,1,0
830060,0,0,0,0,0,0,0,0,0,0
830070,0,0,0,0,0,0,0,0,0,0
830090,0,0,0,0,0,0,0,0,1,0
830099,0,0,0,0,0,0,0,0,0,0
830119,0,1,0,0,1,0,1,0,1,0
840002,0,0,0,0,0,0,0,0,1,0
840014,0,0,0,1,1,0,1,0,1,0
840025,0,0,0,0,0,0,1,0,0,0
840036,0,0,0,0,0,0,0,0,1,0
840048,1,0,0,0,0,0,0,0,1,0
840059,0,1,0,0,0,0,0,0,1,0
840071,0,0,0,0,0,0,1,0,0,0
840082,0,0,0,0,0,0,0,0,1,0
840093,1,0,0,0,0,0,1,0,1,0
840105,0,0,0,0,0,0,0,0,1,0
840116,0,1,0,0,0,0,1,0,1,0
840127,0,0,0,1,0,0,0,0,1,1
840139,0,0,0,0,0,0,0,0,1,0
850006,0,0,0,0,0,0,1,0,1,0
850014,0,0,1,0,0,0,1,0,1,0
850031,0,0,0,1,0,0,1,0,1,1
850040,0,1,0,0,0,0,1,0,1,0
850048,0,1,0,0,0,0,1,0,1,0
850066,0,0,0,0,1,0,0,0,1,0
850074,0,0,0,0,0,0,1,0,0,0
850083,0,1,1,0,0,0,0,0,1,0
850091,0,0,1,0,0,0,1,0,1,0
850100,0,1,1,0,0,0,0,0,1,0
860006,0,0,0,0,0,0,1,1,1,0
860015,0,0,0,0,0,0,1,0,1,0
860024,0,0,0,1,1,0,1,1,0,1
860051,0,1,1,0,0,0,1,0,1,0
860060,0,0,0,0,1,0,1,0,1,1
860069,0,1,0,1,0,0,1,0,1,0
860078,0,1,0,0,0,0,1,0,1,0
860087,0,0,0,0,1,0,1,0,1,1
860096,0,0,0,0,0,0,0,0,1,0
860105,0,0,0,0,0,0,1,1,1,0
870002,0,1,0,0,0,0,1,0,1,0
870008,0,0,0,0,1,0,1,0,1,0
870013,0,,0,0,0,0,1,0,1,0
870018,0,0,0,0,0,0,1,1,1,0
870023,0,1,0,0,0,0,0,0,1,0
870028,0,,0,0,0,0,1,1,1,0
870034,0,0,0,0,0,0,1,0,1,0
870039,0,0,0,0,1,0,1,0,1,0
870044,0,0,0,0,0,0,0,0,1,0
870049,0,,0,1,0,0,1,0,1,0
870054,0,1,0,0,0,0,0,0,1,0
870060,0,0,0,0,0,0,0,0,1,0
870065,0,1,0,0,0,0,0,0,0,0
880003,0,0,0,0,0,0,0,0,0,0
880009,0,0,0,0,0,0,0,0,1,0
880016,1,1,1,0,0,0,0,0,1,0
880022,0,0,0,0,0,0,0,0,1,0
880028,0,1,0,0,0,0,1,0,1,0
880034,0,0,1,0,0,0,0,0,1,0
880040,0,0,0,0,1,0,1,0,0,0
880046,0,0,0,0,0,0,1,0,1,0
880052,0,1,1,0,0,0,0,0,1,0
880058,0,0,0,0,0,0,1,0,1,0
880064,0,0,0,0,1,0,1,0,1,1
880070,0,0,0,0,0,0,1,0,1,0
880076,0,1,0,0,0,0,0,0,1,0
890007,0,0,0,0,0,0,0,0,1,0
890013,1,0,0,0,0,0,0,0,1,0
890020,0,0,0,0,0,0,0,0,1,0
890027,1,1,0,0,0,0,0,0,1,0
890033,0,0,0,0,0,0,0,0,1,0
890040,0,0,0,0,0,0,1,0,1,0
890047,0,0,1,1,0,0,0,0,1,0
890053,0,1,1,0,0,0,0,0,0,0
890060,0,1,1,0,0,0,0,0,1,0
890066,0,0,0,0,0,0,0,0,1,0
890073,0,0,0,0,0,0,1,0,1,0
890080,0,1,0,0,0,0,0,0,1,0
900010,0,0,0,1,0,0,0,0,0,0
900022,0,0,0,0,0,0,0,0,1,0
900034,0,0,0,0,0,0,0,0,0,0
900046,0,0,0,0,0,0,0,0,1,0
900058,0,0,0,0,0,0,0,0,0,0
900070,0,,0,0,0,0,1,0,1,0
900082,0,1,0,0,0,0,0,0,1,0
900094,0,1,0,0,0,0,1,0,1,0
900106,0,0,0,0,0,0,0,0,1,0
900118,0,0,0,0,0,0,1,0,1,0
900130,0,0,1,0,0,0,0,0,1,0
900142,0,1,0,0,0,0,0,0,1,0
910002,0,,1,1,0,0,0,0,1,0
910008,0,0,0,0,0,0,0,0,1,0
910014,0,0,0,0,0,0,1,0,1,0
910020,0,0,1,0,0,0,0,0,1,0
910026,0,0,0,0,0,0,0,0,1,0
910032,0,0,0,0,0,0,1,0,1,0
910038,0,0,1,0,0,0,0,0,1,0
910044,0,0,0,0,0,0,0,0,1,0
910050,0,0,0,0,0,0,0,0,1,0
910056,0,0,0,0,0,0,1,0,1,0
910062,0,0,0,0,0,0,0,0,1,0
910068,1,0,0,0,0,0,0,0,1,0
910074,0,0,0,0,0,0,0,0,1,0
920001,0,0,0,0,0,0,0,0,1,0
920009,0,1,0,1,1,1,0,0,1,1
920016,0,1,0,0,1,0,0,0,1,0
920023,1,1,1,0,1,1,0,0,1,0
920030,0,0,1,0,1,1,0,0,1,0
920037,1,0,0,0,0,1,0,0,1,0
920045,0,0,0,0,0,0,0,0,0,0
920052,0,0,0,0,0,0,0,0,1,0
920059,0,0,0,0,0,0,1,0,1,0
920066,0,0,1,0,1,1,1,0,1,0
920073,0,0,0,0,0,0,0,0,0,0
920081,0,1,0,0,1,0,0,0,1,0
920088,0,0,1,0,1,1,1,0,1,0
930004,0,0,0,0,0,0,1,0,1,0
930010,0,0,0,0,0,0,0,0,1,0
930016,0,1,0,0,0,0,0,0,1,0
930022,0,0,0,0,0,0,0,0,1,0
930027,0,0,0,0,0,0,1,0,1,0
930033,0,0,0,1,0,0,0,0,1,0
930039,0,0,0,0,0,0,1,0,1,0
930045,0,0,0,0,0,0,1,0,0,0
930050,1,0,0,0,0,0,0,0,1,0
930056,0,0,0,0,0,0,1,0,1,0
930062,1,0,1,0,0,0,0,0,1,0
930068,0,0,0,0,0,0,0,0,1,0
940004,0,0,0,0,0,0,1,0,1,0
940010,0,0,0,0,0,0,0,0,0,0
940016,0,0,0,0,0,0,1,0,1,0
940022,0,0,0,0,0,0,0,0,1,0
940028,0,0,0,0,0,0,1,0,1,0
940034,0,1,0,0,0,0,0,0,1,0
940040,0,0,0,0,0,0,1,1,1,0
940046,0,0,0,0,0,0,1,0,1,0
940052,0,0,0,1,0,0,1,0,0,0
940058,0,1,1,0,0,0,1,0,1,0
940064,0,1,0,0,1,0,1,0,1,0
940069,0,0,0,0,0,0,1,0,0,0
950002,0,1,1,0,1,0,1,0,1,0
950007,0,0,0,0,0,0,1,0,1,0
950012,1,1,0,0,0,0,0,0,1,0
950016,0,1,0,0,0,0,0,0,1,0
950026,0,0,0,0,0,0,0,1,1,0
950030,0,0,0,1,0,0,1,0,1,0
950040,1,1,1,1,1,0,0,0,1,1
950044,0,0,0,0,0,0,0,0,1,0
950049,0,0,0,0,0,0,0,0,1,0
950053,0,0,1,0,0,0,0,0,1,0
950058,0,0,0,0,0,0,0,0,1,0
960006,0,1,0,,1,0,1,0,1,0
960013,0,0,0,0,0,0,1,0,1,0
960019,0,1,0,0,0,0,1,0,1,0
960025,0,0,0,0,0,0,0,0,0,0
960031,0,0,1,0,0,0,1,0,1,0
960037,0,0,0,0,1,0,0,0,0,1
960043,0,0,1,0,0,1,1,0,1,0
960050,0,0,0,0,0,0,0,0,1,0
960056,0,0,0,0,0,0,1,0,1,0
960062,1,0,0,0,0,0,0,1,1,0
960068,0,0,0,0,0,0,1,0,1,0
960074,0,0,0,0,0,0,0,0,1,0
970010,0,0,0,0,0,0,0,0,1,0
970020,0,0,0,0,0,0,0,0,0,0
970031,0,0,0,0,0,0,0,0,1,0
970042,0,0,0,0,0,0,0,0,1,0
970052,0,,0,0,0,0,0,0,1,0
970063,0,0,0,0,0,0,0,0,1,0
970074,0,0,0,0,0,0,0,0,1,0
970084,0,0,0,0,0,0,0,0,0,0
970095,0,0,0,0,0,0,0,0,1,0
970105,0,,0,0,0,0,0,0,0,0
970116,1,0,0,0,0,0,0,0,1,0
970127,0,0,0,0,0,0,0,0,1,0
980002,0,1,0,1,0,0,0,0,1,0
980008,0,1,0,0,0,0,0,0,1,0
980013,0,,0,0,0,0,0,0,0,0
980018,1,1,1,0,0,0,0,0,1,0
980024,1,0,0,0,0,0,0,0,1,0
980029,1,1,0,0,0,0,1,0,1,0
980034,0,0,0,0,0,0,0,0,1,0
980039,0,0,0,0,0,0,1,1,1,0
980045,0,1,0,0,0,0,1,1,1,0
980050,0,0,0,0,0,0,1,0,1,0
980055,,,0,1,0,0,1,0,1,1
980060,0,1,0,0,0,0,0,0,1,0
980066,0,0,0,0,0,0,0,0,0,0
990001,0,0,1,0,0,0,0,1,1,0
990013,0,0,0,0,0,0,0,1,1,0
990024,0,1,0,1,0,0,1,1,1,0
990030,0,0,0,0,0,0,1,0,0,0
990036,0,0,0,0,0,0,0,0,1,0
990042,0,1,0,0,0,0,1,1,1,1
990047,0,1,0,0,0,0,0,0,1,0
990053,0,0,0,0,0,0,1,0,0,0
990059,0,0,1,0,1,0,1,0,1,1
990065,0,1,1,0,0,0,1,0,1,0
990071,0,,1,0,0,0,1,0,1,0
1000005,0,0,0,0,0,0,0,0,1,0
1000018,0,1,0,1,0,0,1,0,1,0
1000025,0,0,0,0,0,0,0,0,1,0
1000031,0,0,0,0,0,0,0,0,1,0
1000038,0,0,1,0,0,0,1,0,1,0
1000045,0,0,0,0,0,0,0,0,0,0
1000051,0,0,0,1,0,0,1,0,1,0
1000058,0,0,0,0,0,0,0,0,1,0
1000064,0,0,0,0,0,0,0,0,1,0
1000071,0,0,0,0,0,0,1,0,1,0
1000078,0,0,0,1,0,0,0,0,1,0
1010005,0,1,0,0,0,0,0,0,1,0
1010011,0,1,1,0,0,0,1,0,1,0
1010017,0,0,0,,0,0,1,0,1,0
1010024,0,0,0,0,1,0,0,0,1,0
1010030,0,0,0,0,0,0,0,0,1,0
1010036,0,0,0,0,0,0,0,0,1,0
1010042,0,,0,1,0,0,1,0,1,0
1010049,0,0,0,0,0,0,0,0,1,0
1010061,0,0,1,1,0,0,0,0,1,0
1010068,0,0,0,0,0,0,0,0,1,0
1010074,0,,0,0,0,0,0,0,0,0
1020004,0,0,1,0,0,0,0,0,1,0
1020014,1,0,0,0,0,0,0,0,1,0
1020023,0,1,0,0,0,0,1,0,1,0
1020032,0,0,0,1,0,0,1,0,1,0
1020041,0,0,0,0,0,0,0,0,1,0
1020050,0,0,0,0,0,0,0,0,1,0
1020059,0,0,0,0,0,0,0,0,1,0
1020068,0,0,1,0,0,0,1,0,1,0
1020077,0,0,1,0,0,0,0,0,1,0
1020086,0,1,1,0,0,0,0,0,1,0
1020096,0,0,1,0,0,0,1,0,0,1
1020105,0,0,0,1,0,0,0,0,0,0
1020114,0,0,1,0,0,0,0,0,1,0
1030002,0,0,0,0,0,0,0,0,1,0
1030008,0,0,0,0,0,0,1,0,0,0
1030013,0,0,1,0,0,0,0,0,1,0
1030018,0,0,0,0,0,0,0,0,0,0
1030023,0,0,0,0,0,0,0,0,1,0
1030028,0,0,0,0,0,0,0,0,1,0
1030034,0,0,0,0,0,0,1,0,1,0
1030039,0,0,0,0,0,0,0,0,1,0
1030044,0,1,0,0,0,0,0,0,1,0
1030049,0,0,0,1,0,0,1,0,0,1
1030054,0,1,0,0,0,0,0,0,1,0
1030060,0,1,0,0,0,0,0,0,1,0
1030065,0,0,1,0,0,0,0,0,1,0
1040007,0,0,1,1,0,0,0,0,1,0
1040013,0,,1,0,0,0,0,0,1,0
1040020,0,,0,0,0,0,1,0,1,0
1040026,0,,1,1,1,0,1,0,1,0
1040033,0,0,0,1,0,0,0,0,1,0
1040046,0,1,1,0,0,0,0,0,1,0
1040053,1,0,0,0,0,0,0,0,1,0
1040059,0,0,0,0,0,0,1,0,1,0
1040066,0,1,0,0,0,0,0,0,1,0
1040072,0,1,1,1,1,0,1,0,1,0
1040079,0,1,0,0,0,0,1,0,1,0
1050005,0,1,0,0,0,0,0,0,1,0
1050012,0,0,1,1,0,0,1,0,1,0
1050018,0,,1,0,0,0,0,0,1,0
1050024,0,0,0,0,0,0,0,0,0,0
1050030,0,0,0,0,0,0,1,0,1,0
1050036,0,0,0,1,0,0,1,0,1,0
1050042,0,1,0,0,1,0,1,1,1,0
1050049,0,0,0,0,1,0,1,0,1,0
1050055,0,0,0,0,0,0,0,0,1,0
1050061,0,0,0,0,0,0,1,0,1,0
1050067,0,0,0,0,0,0,0,0,1,0
1050073,0,1,0,0,0,0,0,0,1,0
1060002,1,1,0,1,1,0,0,0,1,0
1060011,0,0,1,1,1,0,1,0,1,0
1060020,0,1,0,0,1,0,0,0,1,0
1060029,0,1,0,0,1,1,0,1,1,0
1060037,1,1,1,0,1,1,0,0,1,0
1060046,1,1,1,1,1,1,1,1,1,0
1060055,0,1,0,0,1,0,0,0,1,0
1060063,0,1,0,0,1,1,0,0,1,0
1060072,0,0,0,0,1,0,1,0,1,1
1060081,1,1,0,1,1,0,1,0,1,0
1060098,1,0,0,0,1,1,1,0,1,0
1060107,0,0,0,0,1,0,1,0,1,0
1070003,0,0,0,0,0,0,0,0,1,0
1070018,0,0,0,0,0,0,0,1,1,0
1070033,0,0,0,0,0,0,0,0,0,0
1070049,0,0,0,0,0,0,0,0,1,0
1070064,0,1,0,0,0,0,0,0,0,0
1070079,0,0,0,0,0,0,0,0,0,0
1070094,0,0,0,0,0,0,0,0,1,0
1070109,0,0,0,0,0,0,0,0,0,0
1070124,0,0,0,0,0,0,0,0,0,0
1070139,0,0,0,0,0,0,0,1,0,0
1070154,0,0,1,0,0,0,0,0,1,0
1070169,0,0,0,0,0,0,0,0,1,0
1070184,0,0,0,0,0,0,0,0,0,0
1080005,0,0,0,0,0,0,0,0,1,0
1080013,0,1,0,0,0,0,0,0,1,0
1080021,0,1,0,0,0,0,0,0,1,0
1080029,0,0,0,0,0,0,1,0,0,0
1080037,1,0,1,0,0,0,0,0,1,0
1080045,0,0,0,0,1,0,0,0,1,0
1080053,0,0,0,0,1,0,1,0,1,1
1080061,0,0,0,0,0,0,0,0,1,0
1080069,0,0,0,0,0,0,0,0,0,0
1080077,0,0,0,0,0,0,0,0,0,0
1080085,0,0,0,0,0,0,0,0,0,0
1080092,0,0,0,1,0,0,1,0,0,0
1090006,0,1,1,0,0,0,0,0,1,0
1090014,0,0,1,0,0,0,1,0,1,0
1090022,,,0,1,0,0,0,1,1,0
1090031,0,0,0,1,1,0,1,0,1,1
1090039,0,0,0,0,0,0,0,0,1,0
1090048,0,0,1,0,0,0,1,0,1,0
1090056,0,0,0,0,0,0,0,0,1,0
1090064,0,0,0,0,0,0,0,0,1,0
1090073,0,0,0,0,0,0,0,0,1,0
1090081,0,0,0,0,0,0,0,0,1,0
1090090,0,0,0,0,0,0,0,0,1,0
1090098,0,0,0,0,0,0,1,0,1,0
1100004,0,1,0,0,0,0,0,0,1,0
1100013,0,0,0,0,0,0,0,0,1,0
1100022,0,,0,0,0,0,0,0,0,0
1100031,0,0,1,0,0,0,0,0,1,0
1100040,0,0,0,0,0,0,0,0,0,0
1100048,0,,0,0,0,0,0,0,1,0
1100057,,1,0,0,0,0,1,0,1,0
1100066,0,0,0,0,0,0,0,0,0,0
1100075,0,1,0,0,0,0,0,0,1,0
1100084,0,0,0,0,0,0,0,0,1,0
1100092,0,0,0,0,0,0,0,0,0,0
1100101,0,0,0,0,0,0,0,0,0,0
1100110,0,1,0,0,0,0,0,0,1,0
1110004,0,1,1,0,0,0,1,0,1,0
1110013,0,0,0,0,0,0,1,0,1,0
1110021,0,0,0,1,0,0,0,0,1,0
1110037,0,1,0,0,0,0,1,0,1,0
1110045,0,0,0,1,0,0,0,0,0,0
1110062,0,1,0,0,0,0,0,0,1,0
1110070,0,0,0,0,0,0,0,0,1,0
1110078,0,0,0,0,1,0,1,0,1,0
1110086,0,0,0,0,0,0,0,0,1,0
1110094,0,0,0,0,0,0,0,0,1,0
1110102,0,0,0,0,0,0,0,0,1,0
1120008,0,0,0,0,1,0,1,0,1,1
1120016,0,,0,0,0,0,0,0,0,0
1120025,0,0,0,0,0,0,0,0,1,0
1120033,0,1,0,0,0,0,0,0,1,0
1120042,0,0,0,1,0,0,0,0,0,0
1120050,0,0,0,0,0,0,0,0,1,0
1120059,0,0,0,0,0,0,1,0,1,0
1120068,0,0,0,0,0,0,1,0,1,1
1120076,0,,0,1,0,0,1,0,1,0
1120093,0,0,0,0,0,0,0,0,0,0
1120102,0,,1,0,0,0,1,0,1,0
1130008,0,,0,0,0,0,0,0,0,0
1130017,0,0,0,0,0,0,0,0,1,0
1130026,0,0,0,0,0,0,0,0,0,0
1130035,0,0,0,0,0,0,0,0,1,0
1130044,0,0,0,0,0,0,0,0,1,0
1130053,0,0,0,0,0,0,1,0,0,1
1130071,0,0,0,0,0,0,0,0,0,0
1130080,0,0,0,0,0,0,0,0,0,0
1130089,0,0,1,0,1,0,0,0,1,0
1130098,0,0,0,0,0,0,1,0,1,0
1130107,0,0,0,0,0,0,0,0,1,0
1140001,0,1,0,0,0,0,0,0,1,0
1140006,0,0,1,0,0,0,1,0,1,0
1140011,0,0,0,0,0,0,1,0,1,0
1140015,0,0,0,0,0,1,0,0,1,0
1140020,0,1,0,0,0,1,1,0,1,0
1140025,0,1,1,0,0,0,0,0,1,0
1140029,0,0,0,1,1,1,0,0,1,0
1140034,1,0,0,0,1,1,1,1,1,0
1140039,0,0,1,0,1,1,0,0,1,0
1140043,0,0,0,0,1,1,0,0,1,0
1140048,0,0,0,0,1,1,0,0,1,0
1140052,0,0,0,0,1,1,1,0,1,0
1140057,0,1,0,0,0,0,1,0,1,0
1150003,0,1,0,0,0,0,0,0,1,0
1150007,0,0,0,0,0,0,1,0,1,0
1150011,0,0,0,0,1,0,0,1,1,0
1150015,0,0,0,0,0,0,1,0,1,0
1150018,0,1,0,0,1,1,1,0,1,0
1150022,1,1,0,0,1,1,1,1,1,0
1150026,0,1,0,0,1,0,1,1,1,0
1150030,0,0,0,0,0,1,0,0,1,0
1150037,0,0,0,,1,0,1,0,1,0
1150041,0,1,1,0,1,1,0,0,1,0
1150045,0,0,0,0,1,1,0,0,1,0
1160005,0,0,0,0,0,0,0,0,1,0
1160013,0,0,0,1,0,0,0,0,0,0
1160020,0,0,0,1,1,0,1,0,1,0
1160027,0,0,1,0,0,0,0,0,1,0
1160035,0,0,0,1,1,0,1,0,1,0
1160042,0,0,0,1,1,0,1,1,1,0
1160050,1,1,0,0,1,0,1,0,1,0
1160057,0,1,0,0,0,0,1,0,1,0
1160065,0,0,0,0,1,0,1,1,1,1
1160072,0,0,0,0,0,0,0,0,0,0
1160080,0,0,0,0,1,0,0,0,1,0
1160087,0,0,0,0,0,0,0,0,0,0
1170001,0,0,1,1,1,0,1,0,1,0
1170009,0,1,1,0,0,0,0,0,1,0
1170016,0,0,0,0,0,0,0,0,1,0
1170023,0,0,0,1,0,0,0,0,1,0
1170030,0,0,0,1,0,0,0,0,0,0
1170037,0,0,1,0,0,1,1,0,1,0
1170045,0,1,1,0,0,1,0,0,1,0
1170052,0,0,0,0,0,0,1,0,1,0
1170059,0,0,0,0,0,0,0,0,1,0
1170066,0,0,1,0,1,0,1,0,1,1
1170073,0,0,0,0,1,0,1,0,1,0
1170081,0,0,1,1,1,0,0,0,1,0
1170088,0,1,0,1,1,1,1,1,1,1
1180002,0,0,0,0,1,1,0,0,1,0
1180008,0,0,0,0,1,0,0,0,1,0
1180013,0,0,0,0,1,0,1,0,1,0
1180018,0,1,0,0,0,0,1,0,1,0
1180023,0,0,0,0,1,1,0,0,1,0
1180028,0,1,0,1,1,1,0,1,1,0
1180034,1,1,0,0,1,0,1,0,1,0
1180039,0,0,0,0,1,0,1,0,1,0
1180044,0,0,0,1,1,1,1,0,1,1
1180049,0,0,0,0,1,0,1,0,1,0
1180054,0,0,0,0,1,0,1,0,1,0
1180060,0,0,0,0,1,0,1,0,1,1
1180065,0,0,0,0,1,0,1,0,1,0
1190003,0,0,0,0,0,0,1,0,1,0
1190007,0,0,1,0,0,0,0,0,1,0
1190010,0,0,0,0,0,0,0,0,1,0
1190014,0,0,1,0,0,0,1,0,1,0
1190017,0,1,0,0,0,0,1,0,1,0
1190021,0,1,0,0,0,0,0,0,1,0
1190024,0,0,1,0,1,0,1,0,1,0
1190028,0,0,0,0,1,0,1,0,1,1
1190031,0,0,0,0,1,0,1,0,1,1
1190035,0,0,0,0,1,0,0,0,0,1
1190038,0,0,1,0,1,0,0,0,1,0
1190042,0,0,0,0,1,0,1,0,1,0
1200008,0,0,0,0,0,0,1,0,1,0
1200016,1,1,1,0,0,0,0,0,1,0
1200024,0,0,0,0,0,0,1,0,1,0
1200032,0,0,0,0,1,0,1,0,1,1
1200040,0,1,0,0,0,0,0,0,1,0
1200049,0,0,0,0,1,0,1,0,1,0
1200057,0,1,1,0,0,0,1,0,1,0
1200065,0,0,0,1,0,0,0,0,1,1
1200073,0,1,0,0,0,0,0,0,1,0
1200090,0,1,0,0,0,0,0,0,1,0
1200098,0,0,0,0,0,0,1,0,0,0
1210002,0,0,0,0,0,0,1,0,1,0
1210010,1,1,0,0,0,1,1,0,1,0
1210017,0,1,1,0,0,0,1,0,1,0
1210024,0,0,1,,1,1,1,0,1,0
1210032,0,1,1,0,0,1,0,0,1,0
1210039,0,0,0,0,0,1,0,1,1,0
1210046,0,0,0,0,0,1,0,1,1,0
1210053,0,0,0,1,1,1,1,0,1,1
1210061,0,0,0,0,0,1,0,0,1,0
1210068,0,0,0,0,1,1,1,0,1,0
1210075,0,1,0,0,1,0,1,0,1,0
1210082,0,0,0,,0,1,1,1,1,0
1210090,0,0,0,1,0,1,0,0,1,0
1220001,0,1,1,0,0,0,0,0,1,0
1220006,0,0,0,1,1,0,1,0,1,0
1220011,0,0,0,1,0,0,1,0,1,0
1220017,0,0,0,0,0,0,0,0,1,1
1220022,0,0,0,1,0,0,0,0,1,0
1220027,0,0,1,0,0,0,0,0,1,0
1220032,0,1,1,0,0,0,1,0,1,0
1220037,0,0,0,0,0,0,1,0,1,1
1220042,0,0,0,0,1,0,0,0,1,1
1220047,0,0,0,0,0,0,0,0,1,0
1220052,0,0,0,0,0,0,0,0,1,0
1220057,0,0,0,0,0,0,1,0,0,0
1220062,0,0,0,0,0,0,0,0,1,0
1230005,0,1,0,0,0,0,1,1,1,0
1230013,0,1,1,0,1,0,1,0,1,0
1230021,0,0,0,0,1,1,1,0,1,0
1230028,0,0,0,0,1,0,0,0,1,0
1230036,0,0,0,0,1,0,1,0,1,0
1230044,0,0,0,0,0,0,1,0,1,0
1230051,0,1,0,0,0,0,1,0,1,0
1230059,0,0,0,0,0,0,0,0,1,0
1230067,0,0,1,1,1,0,1,1,1,1
1230074,0,0,0,0,0,0,1,0,1,0
1230082,1,0,0,0,0,0,0,0,1,0
1230090,0,0,0,1,1,0,0,1,1,0
1240004,0,0,0,0,1,0,1,1,0,0
1240009,0,0,1,0,1,0,1,0,1,0
1240015,0,0,0,1,1,1,1,1,1,0
1240020,0,0,0,0,1,0,1,0,0,0
1240025,0,0,0,0,1,1,1,0,1,0
1240030,0,1,0,0,0,1,1,1,1,0
1240036,0,0,0,0,0,1,0,0,1,0
1240041,0,1,0,0,1,0,1,0,1,0
1240046,0,0,0,0,1,0,0,0,1,0
1240052,1,1,0,0,1,0,0,1,1,0
1240057,0,1,0,0,0,0,0,0,1,0
1240062,0,1,0,0,0,0,0,0,1,0
1250001,0,1,0,0,0,0,0,0,1,0
1250008,0,0,0,0,0,0,1,0,0,0
1250015,0,0,0,1,0,0,1,0,0,1
1250021,0,0,0,0,0,0,0,0,0,0
1250028,0,1,0,0,0,0,0,0,1,0
1250035,0,0,0,0,0,0,1,0,1,0
1250041,,,0,0,0,0,0,0,1,0
1250048,0,0,1,0,0,0,0,0,1,0
1250055,0,1,1,0,0,0,0,0,1,0
1250061,0,0,0,1,0,0,0,0,1,0
1250068,0,0,0,0,0,0,0,0,0,0
1250074,1,0,0,0,1,0,0,0,1,0
1250081,0,0,0,0,0,0,1,0,1,0
1260003,0,1,0,1,0,0,1,0,1,1
1260011,0,,0,0,1,0,1,0,1,0
1260019,0,0,1,0,1,0,1,0,1,0
1260026,0,1,0,0,0,0,0,0,1,0
1260034,0,0,0,0,1,0,1,0,1,0
1260042,0,0,0,0,0,0,1,0,1,0
1260049,0,0,0,0,0,0,1,0,0,0
1260057,0,0,0,0,0,0,1,0,1,0
1260065,0,0,0,0,0,0,0,0,1,1
1260073,0,1,0,0,0,0,0,0,1,0
1260080,0,0,1,0,0,0,1,0,1,0
1260088,0,0,1,0,0,0,0,0,1,0
1260096,0,1,1,0,1,0,1,0,1,0
1270005,0,1,0,0,1,0,1,0,1,1
1270011,0,1,1,1,1,0,1,0,1,1
1270022,0,1,1,1,0,0,1,0,1,0
1270028,0,0,0,0,0,0,0,0,1,0
1270034,0,1,0,0,0,0,0,0,1,0
1270039,0,1,0,0,0,0,1,0,1,0
1270045,0,0,0,0,0,0,0,0,1,0
1270051,0,0,0,0,0,0,1,0,1,0
1270056,0,0,1,1,0,0,1,0,0,0
1270062,0,0,0,0,0,0,0,0,1,0
1270068,0,0,0,1,0,1,1,0,1,0
1280006,0,1,0,0,1,0,1,0,1,0
1280012,0,1,1,0,1,0,0,0,1,0
1280018,0,0,0,0,1,1,1,0,1,0
1280025,0,1,0,0,1,0,0,0,1,0
1280031,0,1,0,0,1,0,1,0,1,0
1280037,0,0,0,0,1,0,1,0,1,0
1280043,0,1,1,0,1,0,1,0,1,0
1280050,0,1,0,0,1,0,0,0,1,0
1280056,0,1,0,0,1,0,0,0,1,0
1280062,1,0,1,0,1,0,1,0,1,0
1280069,0,1,0,0,1,1,1,1,1,0
1280075,0,1,1,0,1,0,0,0,1,0
1290002,0,1,0,0,0,0,0,0,1,0
1290010,0,0,0,1,0,0,1,0,0,0
1290017,0,0,0,0,0,0,0,0,1,0
1290025,0,1,1,0,0,0,0,0,1,0
1290032,0,0,1,1,1,0,1,0,1,1
1290040,0,0,0,0,0,0,1,0,1,0
1290047,0,0,0,0,0,0,0,0,1,0
1290054,0,0,0,0,0,0,0,0,1,0
1290062,0,0,0,0,0,0,1,0,1,0
1290069,0,0,0,1,0,0,1,0,1,1
1290077,0,0,0,0,0,0,0,0,1,0
1290084,0,0,0,1,0,0,1,0,1,1
1290092,0,0,0,0,0,0,1,0,1,0
1300002,0,0,1,0,1,1,1,0,1,0
1300013,0,0,0,1,1,1,1,0,1,0
1300024,0,0,0,1,1,1,1,0,1,0
1300035,0,0,1,1,1,0,0,0,1,0
1300045,0,1,0,1,1,0,1,0,1,1
1300056,0,0,0,0,1,0,0,0,1,0
1300067,0,0,0,1,1,0,0,0,1,0
1300077,0,0,1,0,1,0,1,0,1,0
1300110,0,0,0,0,1,0,1,0,1,0
1300120,0,0,0,0,1,1,1,0,1,0
1300131,0,1,0,0,1,0,1,0,1,0
1310013,0,0,0,1,0,0,1,0,1,1
1310017,0,0,0,0,1,0,1,0,1,0
1310022,0,1,0,0,1,0,0,1,1,0
1310026,1,0,1,1,1,0,1,1,1,0
1310031,0,0,0,1,1,1,0,0,1,0
1310035,0,1,1,0,1,1,1,0,1,0
1310039,0,0,0,0,0,1,1,0,1,0
1310044,1,0,0,1,1,0,1,0,1,0
1310048,0,1,1,0,1,0,1,1,1,0
1310053,0,0,0,1,1,0,1,0,1,0
1320010,0,0,0,0,1,0,1,0,1,0
1320016,0,1,0,0,1,0,1,0,1,0
1320022,0,0,0,1,1,0,1,0,1,0
1320028,0,0,0,0,0,0,0,1,1,0
1320034,0,0,0,0,0,0,1,0,1,0
1320039,0,0,0,0,0,0,1,0,1,0
1320045,0,0,0,0,0,0,1,0,1,0
1320051,0,1,0,0,0,0,1,1,1,0
1320057,0,1,0,0,1,0,1,0,1,0
1320063,0,1,1,0,0,0,1,0,1,0
1320069,0,0,0,0,0,0,0,0,0,0
1330002,0,0,0,0,0,0,1,1,1,0
1330007,0,1,0,0,0,1,0,1,1,0
1330012,0,1,0,0,0,0,1,0,1,0
1330017,0,1,1,0,1,1,1,1,1,0
1330022,0,0,0,1,1,1,1,1,1,1
1330026,1,1,0,0,1,0,0,1,1,0
1330031,0,0,1,0,0,0,1,1,1,1
1330036,0,0,0,1,0,1,1,0,1,1
1330041,0,0,0,0,1,0,0,0,1,0
1330046,0,0,0,0,0,0,1,0,1,0
1330050,0,1,0,0,0,0,1,0,1,0
1330055,0,0,0,0,0,0,1,1,1,0
1330060,0,0,0,0,0,1,1,0,1,0
1340001,0,1,0,0,0,0,0,0,1,0
1340005,0,0,0,0,0,0,1,0,1,0
1340008,0,0,0,0,0,0,1,0,1,0
1340011,0,1,0,0,0,0,0,0,1,0
1340014,0,1,0,0,1,0,1,0,1,0
1340017,0,0,0,0,0,0,1,0,1,0
1340021,0,0,0,0,0,0,0,0,1,0
1340024,0,0,0,0,0,0,0,0,1,1
1340027,0,0,0,0,0,0,0,1,1,0
1340030,0,1,0,0,0,0,0,0,1,0
1340033,0,1,0,0,0,0,0,1,1,0
1340037,0,0,0,0,0,0,1,1,1,0
1340040,0,0,0,0,0,0,1,0,1,0
1350002,0,1,0,0,1,0,1,1,1,0
1350005,0,1,0,0,1,0,1,0,1,0
1350007,0,1,0,0,1,0,1,1,1,0
1350009,0,0,0,0,1,0,1,0,1,0
1350011,0,0,0,0,1,0,1,0,1,0
1350013,0,0,0,0,1,0,1,0,1,0
1350015,0,0,0,0,1,0,1,0,1,0
1350017,0,0,0,0,1,0,1,0,1,0
1350019,0,0,0,0,1,0,1,0,1,0
1350021,0,0,0,1,1,0,1,0,1,0
1350023,0,0,0,0,1,0,1,1,1,0
1350025,0,1,0,0,1,0,1,0,1,0
1360005,0,0,0,0,1,0,1,0,1,0
1360010,0,1,0,1,0,0,1,1,1,0
1360014,0,1,0,0,0,0,0,1,1,0
1360019,0,1,1,0,0,0,0,1,1,0
1360024,0,0,0,1,1,0,1,0,1,0
1360029,0,0,1,0,0,1,1,0,1,0
1360034,0,0,0,0,1,0,1,1,1,1
1360038,0,1,0,0,0,0,1,0,1,0
1360043,0,0,0,0,0,0,0,0,1,0
1360048,0,0,0,0,1,0,1,0,1,0
1360053,0,0,0,0,0,0,1,0,1,0
1360058,0,0,0,0,0,0,0,0,1,0
1370001,0,0,0,0,0,0,0,0,1,0
1370006,0,0,0,0,0,0,1,0,0,0
1370011,0,0,0,0,0,0,1,0,1,0
1370016,0,1,0,0,0,0,0,0,1,0
1370021,0,0,0,0,0,0,0,0,0,0
1370025,0,0,0,0,0,0,0,0,0,0
1370030,0,0,0,1,0,0,0,0,0,0
1370035,0,0,0,0,0,0,0,0,0,0
1370040,0,0,0,0,0,0,1,0,0,0
1370045,0,0,0,0,0,0,0,0,0,0
1370049,0,0,0,0,0,0,0,0,0,0
1370054,0,0,0,0,0,0,0,0,0,0
1370059,0,0,0,0,0,0,0,0,1,0
1380002,0,0,1,0,0,0,1,0,1,0
1380011,0,0,0,0,0,0,1,0,0,1
1380019,0,0,0,0,1,0,0,0,1,0
1380028,0,0,0,1,0,0,1,0,1,0
1380036,0,0,0,0,0,0,1,0,1,0
1380045,0,1,0,0,1,0,1,0,1,1
1380053,0,1,1,0,0,0,1,1,1,0
1380062,0,1,0,0,0,0,1,0,1,0
1380070,0,0,0,0,0,0,0,0,0,0
1380079,0,1,0,0,0,0,1,1,1,0
1380087,1,0,0,0,1,0,1,0,1,0
1380096,0,0,0,0,0,0,1,0,0,0
1380104,0,1,0,0,0,0,1,0,1,0
1390006,0,1,0,0,0,0,0,0,1,0
1390014,0,0,1,0,0,0,0,0,1,0
1390023,0,0,0,0,0,0,1,0,0,0
1390031,0,0,0,0,0,0,0,0,1,0
1390040,0,0,0,0,1,0,1,0,1,0
1390048,0,1,0,0,0,0,1,0,1,0
1390057,0,1,0,0,0,0,0,0,1,0
1390066,0,1,0,0,1,0,1,1,1,0
1390074,1,0,0,0,0,0,0,0,0,0
1390083,0,0,0,0,0,0,0,0,0,1
1390091,0,0,0,0,0,0,0,0,0,0
1390100,0,1,0,0,1,0,0,0,1,0
1400001,0,0,1,0,0,0,0,0,1,0
1400010,0,1,0,0,0,0,0,0,1,0
1400018,0,0,0,1,0,0,1,0,0,1
1400027,0,0,0,1,1,0,1,0,0,1
1400035,0,0,0,0,0,0,1,0,1,0
1400044,0,0,0,0,0,0,1,0,1,0
1400052,0,0,0,1,0,0,0,0,1,0
1400061,0,0,1,0,0,0,0,0,1,0
1400069,0,0,0,0,0,0,1,0,1,0
1400078,0,0,1,0,0,0,1,0,1,0
1400095,0,0,0,0,0,0,0,0,0,0
1400103,0,0,0,0,0,0,0,0,0,0
1410005,0,1,0,0,1,0,1,1,1,1
1410016,1,1,1,0,0,0,1,1,1,0
1410026,0,0,0,0,0,0,0,0,1,0
1410037,0,0,0,1,0,0,1,0,0,0
1410057,0,0,0,0,0,0,1,0,0,0
1410068,0,0,0,1,0,0,1,0,0,1
1410078,1,1,0,0,1,0,1,1,1,0
1410089,0,0,0,1,1,0,1,0,1,0
1410099,0,1,1,1,1,1,1,0,1,0
1410109,0,0,0,1,1,0,0,0,0,1
1410120,0,,0,0,1,0,1,0,1,0
1410130,0,0,0,1,0,0,1,0,0,1
1420007,0,1,0,1,0,0,1,0,1,0
1420013,1,1,1,0,0,0,0,0,1,0
1420020,0,1,0,0,0,0,0,0,1,0
1420026,0,0,0,0,0,0,1,0,1,0
1420033,0,0,1,0,0,0,0,0,1,0
1420039,0,1,1,0,0,0,0,0,1,0
1420046,0,0,0,1,1,0,1,0,1,1
1420052,1,0,0,0,1,0,0,0,1,0
1420058,0,0,0,0,0,0,0,0,1,0
1420065,0,0,0,0,1,0,1,0,1,0
1420071,0,0,0,0,1,0,0,0,1,0
1420078,0,1,0,0,1,0,0,0,1,0
1430007,0,,0,1,0,0,1,0,1,0
1430015,0,0,0,0,0,0,1,0,0,0
1430023,0,0,1,0,0,0,0,0,1,0
1430030,0,0,0,0,0,0,0,0,1,0
1430038,0,0,0,0,0,0,1,0,1,0
1430046,,,0,1,0,0,0,0,1,0
1430053,0,0,0,0,1,0,1,0,0,0
1430061,0,0,0,0,0,0,1,0,1,0
1430069,0,0,0,0,0,0,1,0,1,0
1430084,0,0,0,0,0,0,0,0,1,0
1430092,0,1,0,0,1,0,1,0,1,0
1440002,0,0,0,1,1,0,1,1,1,0
1440008,0,1,0,0,1,0,1,0,1,0
1440014,0,1,1,1,1,1,1,1,1,0
1440025,0,1,0,0,1,0,1,1,1,0
1440030,0,1,0,0,1,0,1,0,1,0
1440036,0,0,1,0,1,0,1,1,1,0
1440047,0,0,0,0,1,0,0,1,1,0
1440053,0,0,0,0,1,0,1,1,1,0
1440058,1,1,1,0,1,0,0,0,1,0
1440064,0,0,0,1,1,0,1,0,1,0
1440070,0,0,0,0,1,0,1,0,1,0
1450001,0,0,0,1,1,0,1,0,1,0
1450007,0,0,0,1,1,0,0,0,1,0
1450012,0,0,0,0,1,0,1,1,1,0
1450017,0,0,0,0,1,0,1,0,1,0
1450023,0,1,0,0,1,0,1,0,1,0
1450028,0,1,1,1,1,0,0,0,1,0
1450033,0,0,0,0,1,0,0,0,1,0
1450038,0,1,0,0,1,0,1,1,1,0
1450044,0,0,0,0,1,0,0,1,0,0
1450049,0,0,1,0,1,0,1,0,1,0
1450054,0,1,0,1,1,0,1,1,1,0
1450059,0,0,1,0,1,0,1,1,1,0
1450065,0,0,0,0,1,1,1,1,1,0
1460002,0,1,1,1,1,0,1,0,1,1
1460005,0,1,0,0,1,1,1,1,1,0
1460007,0,0,0,0,1,1,1,0,1,0
1460009,0,0,1,0,1,0,1,1,1,0
1460011,0,0,0,0,1,0,1,1,1,0
1460013,0,0,0,0,1,0,1,1,1,0
1460015,0,1,0,0,1,0,1,0,1,0
1460018,1,1,0,0,1,0,1,0,1,0
1460020,0,0,0,1,1,0,1,0,1,0
1460022,0,0,0,1,1,0,1,1,1,1
1460024,0,0,1,0,1,0,1,1,1,0
1460026,0,0,0,1,1,0,1,1,1,1
1470001,0,0,0,0,1,0,1,0,1,0
1470005,0,0,0,0,1,0,1,1,1,0
1470009,0,0,0,0,1,0,1,0,1,0
1470013,0,0,0,1,1,0,0,0,1,0
1470017,0,0,0,1,1,0,1,0,1,0
1470021,0,0,0,0,1,1,0,0,1,0
1470024,0,0,0,0,1,1,0,0,1,0
1470028,0,0,0,0,1,1,0,0,1,0
1470032,0,1,0,1,1,1,0,0,1,0
1470036,0,0,0,0,1,0,1,0,1,0
1470040,0,0,0,1,1,0,1,1,1,0
1470044,0,1,0,0,1,0,1,0,1,0
1480001,0,0,1,0,1,1,1,0,1,0
1480005,0,0,0,0,1,0,1,0,1,0
1480008,0,0,1,0,1,0,1,1,1,0
1480011,0,1,0,0,1,0,1,0,1,0
1480015,0,0,1,1,1,0,0,1,1,0
1480018,0,0,1,0,1,0,0,0,1,0
1480021,0,0,1,1,1,0,1,0,1,0
1480024,0,1,1,1,1,0,1,0,1,0
1480028,0,0,1,1,1,0,0,0,1,0
1480031,0,1,0,1,1,0,0,0,1,0
1480034,1,1,0,0,1,0,1,1,1,0
1480037,0,0,0,1,1,0,1,1,1,0
1480041,1,0,0,1,1,1,1,1,1,0
1490003,0,0,0,0,1,0,1,0,1,0
1490006,1,0,0,0,1,0,0,0,0,0
1490009,0,0,0,0,1,0,1,0,1,0
1490012,1,0,0,1,1,0,1,0,1,0
1490015,0,0,1,0,1,0,0,0,1,0
1490018,0,0,0,0,1,0,0,0,1,0
1490021,0,0,0,0,1,0,0,1,1,0
1490024,0,1,0,0,1,0,1,1,1,0
1490027,0,1,0,0,1,0,1,1,1,1
1490030,0,0,0,0,1,0,1,1,1,1
1490032,0,0,0,1,1,0,1,0,1,0
1490035,0,0,0,0,1,0,1,0,1,0
1500001,1,0,0,0,1,0,1,1,1,1
1500005,0,0,0,1,1,1,1,1,0,0
1500009,0,1,0,0,1,1,1,1,1,0
1500013,0,1,0,0,1,1,1,1,1,0
1500016,0,1,0,0,1,1,1,1,1,1
1500020,0,0,0,0,1,1,1,1,1,0
1500024,0,1,0,0,1,1,1,1,1,0
1500028,0,0,0,1,1,1,1,1,1,0
1500031,0,1,0,0,1,1,1,1,1,1
1500035,0,0,0,1,1,1,1,1,1,0
1500039,0,1,0,1,1,1,1,1,1,0
1500043,0,0,0,0,1,1,1,1,1,0
1500047,0,1,0,0,1,1,1,1,1,0
1510005,0,0,0,0,1,0,0,0,1,0
1510008,0,0,0,0,1,0,1,0,1,0
1510011,0,0,0,1,1,0,0,1,1,0
1510014,0,1,0,0,1,0,0,1,1,0
1510017,0,1,0,0,1,0,0,1,1,1
1510021,0,1,0,0,1,0,1,0,1,0
1510024,0,0,0,0,1,0,0,0,1,0
1510027,0,0,0,0,1,0,1,0,1,0
1510030,0,0,0,0,1,0,1,0,1,0
1510033,0,0,0,0,1,0,1,0,1,0
1510037,0,0,0,1,1,0,0,0,1,0
1510040,0,,0,0,1,0,1,0,1,0
1520002,0,0,1,0,1,0,1,0,1,0
1520007,0,0,1,0,1,0,1,0,1,0
1520011,0,0,0,1,1,0,0,0,0,0
1520016,0,0,0,0,1,0,1,0,0,0
1520020,0,0,1,1,1,0,1,0,1,0
1520025,0,0,1,0,1,0,0,1,1,0
1520029,0,1,0,0,1,0,1,0,1,0
1520034,1,1,1,0,1,0,0,0,1,0
1520038,0,0,0,0,1,0,1,0,1,0
1520043,0,0,0,0,0,0,0,0,1,1
1520047,0,0,1,0,1,0,0,0,1,0
1520052,0,0,0,1,1,0,1,0,1,0
1520056,0,1,0,0,1,0,0,0,1,0
1530001,0,0,0,1,1,0,1,0,1,1
1530007,0,0,0,0,1,0,1,1,1,0
1530013,0,1,0,0,1,0,1,0,1,0
1530019,0,,0,0,1,0,1,0,1,1
1530024,0,0,0,0,1,0,1,0,1,0
1530030,0,0,0,0,1,0,0,1,1,0
1530036,0,0,1,1,1,0,1,1,1,0
1530042,0,1,0,0,1,0,1,0,1,0
1530047,0,1,0,0,1,0,1,0,1,0
1530053,0,0,0,1,1,0,1,1,1,0
1530059,0,1,0,0,1,0,1,0,1,0
1530065,0,0,0,1,1,0,0,1,0,0
1530071,0,0,0,0,1,0,0,0,1,0
1540004,0,0,0,0,1,0,1,1,1,0
1540008,0,1,1,0,1,0,1,1,1,0
1540012,0,0,0,0,1,0,1,1,1,0
1540017,1,1,1,1,1,1,1,0,1,0
1540021,0,0,1,1,1,0,1,1,1,0
1540026,0,1,1,0,1,1,1,0,1,0
1540030,0,1,0,1,1,1,1,1,1,0
1540034,0,1,1,1,1,0,1,0,1,0
1540039,0,1,1,1,1,0,1,1,1,0
1540043,0,1,1,1,1,0,1,1,1,0
1540048,0,0,1,0,1,0,0,0,1,0
1540052,0,1,1,,1,0,1,1,1,1
1550004,0,0,0,1,0,0,1,0,1,0
1550010,0,1,0,0,0,0,1,0,1,0
1550015,0,0,1,0,0,0,1,0,1,0
1550021,0,1,0,0,0,0,0,0,1,0
1550027,0,0,0,1,0,0,1,0,1,0
1550032,0,1,0,0,1,0,1,1,1,0
1550038,0,0,0,0,0,0,1,0,1,0
1550043,1,0,0,0,0,0,1,0,1,0
1550049,0,1,1,1,0,0,1,0,1,1
1550055,0,0,0,1,0,0,1,0,1,0
1550060,1,1,0,0,0,0,1,0,1,0
1550066,0,0,0,0,0,0,1,0,1,0
1560001,0,1,1,1,1,0,1,1,1,1
1560007,0,1,0,0,0,0,0,0,1,0
1560013,0,1,0,0,0,0,1,0,1,0
1560018,0,0,0,0,0,0,1,0,1,0
1560024,0,0,0,0,0,0,1,0,1,0
1560029,0,0,0,1,0,0,1,0,1,0
1560035,0,1,0,1,0,0,0,0,1,1
1560041,0,1,0,0,0,0,1,0,1,0
1560046,0,0,0,1,0,0,1,0,1,1
1560052,0,0,0,0,0,0,1,0,1,0
1560057,0,1,0,0,0,0,0,0,1,0
1560063,0,1,0,0,0,0,0,0,1,0
1560069,0,1,1,1,0,0,1,0,1,1
1570001,0,0,0,0,1,0,1,0,1,0
1570004,0,0,1,0,1,1,1,1,1,0
1570007,0,0,1,0,1,1,1,0,1,0
1570010,0,1,0,0,1,1,1,1,1,0
1570012,0,0,1,0,1,0,1,1,1,0
1570015,0,0,1,0,1,1,1,0,1,0
1570018,0,0,0,1,1,0,1,0,1,0
1570020,0,0,1,1,1,1,1,1,1,1
1570023,0,0,0,1,1,0,1,1,1,1
1570026,0,0,1,0,1,1,0,0,1,0
1570029,0,0,0,0,1,0,1,0,1,0
1570031,0,1,0,0,1,0,1,0,1,0
1570034,0,1,0,0,1,0,0,0,1,1
1580005,1,0,1,0,1,1,0,1,1,0
1580011,0,0,0,1,1,0,1,1,0,1
1580017,,0,1,1,0,1,1,1,1,0
1580022,0,0,1,0,1,1,1,1,1,1
1580028,1,1,0,0,1,1,1,0,1,0
1580034,0,1,1,1,1,0,1,1,1,0
1580039,1,0,0,1,1,0,1,1,1,0
1580045,0,0,1,1,1,0,0,1,1,0
1580051,0,1,0,1,1,1,0,0,1,0
1580056,0,0,0,1,1,1,0,0,1,1
1580062,0,0,0,1,1,0,1,1,1,0
1580068,0,0,1,1,1,0,1,1,1,0
1590003,0,1,0,0,0,0,0,0,1,0
1590006,0,0,1,1,0,0,0,0,1,0
1590009,0,1,0,0,0,0,0,0,1,0
1590013,0,0,0,0,0,0,1,0,1,0
1590016,0,0,0,0,0,0,1,0,1,0
1590019,0,0,1,1,0,0,1,0,1,0
1590022,0,1,0,1,0,0,1,0,1,0
1590025,0,1,0,1,1,0,1,0,1,0
1590029,0,0,0,0,0,0,1,0,1,0
1590032,0,1,1,1,0,0,1,0,1,0
1590035,1,0,1,0,0,0,0,0,1,0
1590038,0,0,0,0,0,1,1,0,1,1
1600002,0,0,1,0,1,0,1,0,1,0
1600009,0,0,0,1,1,0,0,0,1,1
1600016,0,1,1,1,1,0,1,0,1,0
1600022,0,1,0,0,1,0,1,0,1,0
1600029,0,1,0,0,1,0,1,0,1,0
1600035,0,1,1,0,1,0,1,0,1,0
1600042,0,0,0,0,1,1,0,0,1,0
1600048,0,0,0,0,1,1,1,0,1,0
1600055,0,1,1,0,1,0,1,0,1,0
1600061,0,0,0,0,1,0,0,0,1,0
1600068,0,1,0,0,1,0,0,0,1,0
1600075,0,1,0,1,1,0,0,0,1,0
1600081,0,0,0,1,1,0,0,0,1,0
1610005,0,0,0,1,1,0,1,0,1,0
1610012,0,1,1,0,1,0,0,0,1,0
1610018,0,0,0,0,1,0,1,0,0,0
1610024,0,0,0,0,1,1,0,0,1,0
1610030,0,0,0,1,1,0,0,0,1,0
1610036,0,1,1,0,1,0,0,0,1,0
1610042,0,0,0,0,1,0,0,0,1,0
1610048,0,1,0,0,1,0,1,1,1,0
1610054,0,1,1,0,1,0,0,1,1,0
1610060,0,0,0,0,1,0,1,0,1,0
1610066,0,0,0,1,1,0,0,0,1,1
1620002,0,0,1,0,1,1,0,0,1,0
1620004,1,0,0,1,1,0,0,0,1,0
1620006,0,0,1,0,1,0,0,0,1,1
1620008,0,0,0,1,1,1,1,1,1,0
1620010,0,0,0,0,1,0,0,1,1,0
1620012,0,0,1,1,1,0,0,1,1,0
1620014,0,0,0,1,1,0,1,1,0,1
1620016,0,0,0,0,1,0,0,1,0,0
1620018,0,0,0,1,1,0,1,1,1,0
1620022,0,0,0,1,1,0,1,0,1,0
1620024,1,0,0,0,1,0,1,0,1,0
1630003,0,0,0,1,1,0,1,1,1,0
1630005,0,0,0,0,1,0,0,0,1,0
1630008,0,0,0,1,1,0,0,0,1,0
1630013,0,0,0,0,1,0,0,0,1,1
1630016,0,1,0,0,1,0,1,0,1,0
1630019,,,1,1,1,1,1,1,1,0
1630021,0,1,0,0,1,0,1,1,1,0
1630024,0,1,0,0,0,0,0,0,1,0
1630026,0,0,0,1,1,0,1,0,1,1
1630029,0,0,1,0,1,0,0,1,1,0
1630032,0,0,0,1,1,0,1,1,1,0
1640010,0,0,0,1,0,0,1,0,1,0
1640016,1,1,0,0,0,0,1,0,1,0
1640023,0,0,1,1,0,0,1,0,1,0
1640029,0,0,0,0,1,0,1,0,0,1
1640035,0,1,0,0,0,0,0,0,1,0
1640042,0,0,0,1,0,0,0,0,0,0
1640048,0,0,0,0,0,0,1,0,0,0
1640055,1,0,0,0,0,0,1,0,1,0
1640061,0,0,0,1,0,0,0,0,0,0
1640067,0,0,0,1,0,0,1,0,0,0
1640080,0,0,0,0,0,0,0,0,1,0
1650005,0,0,0,0,0,0,1,0,1,0
1650011,0,1,0,0,0,0,0,0,1,0
1650017,0,1,0,0,0,0,1,1,1,0
1650023,0,0,0,0,0,0,1,0,1,0
1650029,0,0,0,0,0,0,0,0,1,0
1650035,0,0,0,0,0,0,1,0,1,0
1650041,0,0,0,0,0,0,1,1,1,0
1650053,0,0,0,0,0,0,1,0,1,0
1650059,0,0,0,0,0,0,0,0,1,0
1650065,1,0,1,0,0,0,1,0,1,0
1650070,0,0,0,0,0,0,0,0,1,0
1660007,0,0,0,1,0,0,1,0,1,1
1660015,0,1,0,1,0,0,1,0,1,0
1660023,0,0,0,0,0,0,0,0,1,0
1660030,0,0,0,0,1,0,1,0,1,0
1660038,0,0,0,0,0,0,1,0,0,1
1660046,0,0,0,1,0,0,1,0,1,0
1660061,0,0,0,0,0,0,1,0,0,0
1660069,0,0,0,0,0,0,0,0,1,0
1660076,0,0,0,0,1,0,1,1,1,0
1660084,0,0,0,0,1,0,1,0,1,0
1660092,1,0,0,0,0,0,1,0,1,0
1670002,0,1,1,0,1,0,0,0,1,0
1670010,0,1,0,0,1,0,0,0,1,0
1670033,0,1,0,0,1,0,1,1,1,0
1670041,0,0,1,0,1,0,1,0,1,0
1670049,1,1,1,0,0,0,0,0,1,0
1670057,0,0,1,1,0,0,1,0,1,1
1670064,0,1,1,0,1,0,1,0,1,0
1670072,0,1,0,0,0,0,0,0,1,0
1670080,1,0,0,0,0,1,1,0,1,0
1670088,0,0,0,0,0,0,0,0,0,0
1670096,0,1,1,0,0,0,0,0,1,0
1680001,0,0,0,0,0,0,0,0,1,0
1680005,1,0,0,0,0,0,1,0,1,0
1680009,0,0,0,0,0,0,0,0,1,0
1680012,0,1,0,0,0,0,1,0,1,0
1680016,0,1,1,0,0,0,1,0,1,0
1680020,0,0,0,0,0,0,1,0,1,0
1680023,0,0,0,1,0,0,0,0,1,0
1680027,0,0,1,0,0,0,0,0,1,0
1680031,0,1,0,1,0,0,1,0,1,0
1680035,0,0,0,0,0,0,1,0,1,0
1680038,0,0,0,0,0,0,1,0,1,0
1680042,0,0,0,1,0,0,0,0,1,0
1680046,0,0,0,0,0,0,0,0,1,1
1690006,0,0,1,0,0,0,0,0,1,0
1690021,0,,0,0,0,0,0,0,1,0
1690029,0,0,1,0,1,1,0,0,1,0
1690037,0,1,0,0,1,0,0,0,1,0
1690044,0,0,0,0,0,0,1,0,1,0
1690052,0,0,0,0,1,0,0,0,1,0
1690059,0,0,0,0,1,0,0,0,0,0
1690067,0,,0,0,1,0,0,0,1,0
1690075,0,,0,0,0,0,1,0,1,0
1690082,0,0,0,1,0,0,0,0,0,0
1690090,0,0,0,0,1,0,1,0,0,1
1700004,0,0,1,1,1,0,1,0,1,0
1700009,0,1,1,1,0,0,1,0,1,0
1700015,0,0,1,0,0,0,1,0,1,0
1700020,0,1,0,0,0,0,0,0,1,0
1700025,0,1,1,0,1,0,1,0,1,0
1700030,0,,1,1,0,0,0,0,1,0
1700036,0,0,0,1,0,0,0,0,1,0
1700041,0,0,0,1,0,0,1,0,1,0
1700046,0,0,0,1,0,0,1,0,1,0
1700052,0,1,1,0,0,0,0,0,1,0
1700057,1,0,1,1,0,0,1,0,1,1
1700062,0,0,0,1,0,0,1,0,0,1
1710001,0,0,0,0,0,1,1,0,1,0
1710007,0,0,0,0,0,0,1,0,1,0
1710013,0,1,1,0,0,1,0,0,0,0
1710018,0,1,1,0,0,1,1,0,1,0
1710024,0,1,1,0,0,0,0,0,1,0
1710030,1,1,1,1,0,0,1,0,1,0
1710035,0,0,1,1,1,0,1,0,1,1
1710041,0,0,1,0,1,1,0,0,1,0
1710047,0,,0,0,0,0,1,0,1,0
1710053,1,1,1,0,1,0,1,0,1,0
1710058,0,0,0,0,1,0,1,0,1,1
1710064,0,1,0,0,0,0,1,0,1,0
1710070,0,0,0,1,1,0,1,0,0,1
1720002,0,1,0,0,0,0,0,0,1,0
1720007,0,0,0,0,0,0,0,0,1,0
1720012,0,0,0,0,0,0,1,0,1,0
1720017,0,0,1,0,0,0,1,0,1,0
1720022,0,0,0,0,0,0,1,0,0,0
1720027,0,0,0,0,0,0,0,0,1,0
1720032,0,1,0,1,1,0,1,0,1,1
1720037,0,1,0,0,1,0,1,0,1,1
1720041,0,0,0,0,0,0,1,0,1,1
1720046,0,0,0,0,0,0,0,0,1,0
1720051,0,0,0,1,0,0,1,0,1,0
1720061,0,0,0,0,1,0,1,0,1,0
1730003,0,1,0,0,0,0,1,0,1,0
1730011,0,0,0,1,0,0,0,0,0,0
1730015,0,1,0,0,0,0,0,0,1,0
1730019,1,1,0,0,0,0,0,0,1,0
1730023,0,0,0,0,0,0,1,0,1,0
1730027,0,1,0,0,0,0,1,0,1,0
1730031,0,0,0,1,1,0,1,0,1,0
1730035,0,1,1,0,1,1,1,1,1,0
1730039,0,1,0,0,1,0,1,0,1,0
1730043,0,0,1,0,0,0,1,0,1,0
1730046,1,0,0,0,0,0,0,0,1,0
1740008,0,0,0,0,0,0,0,0,1,0
1740016,0,0,0,0,1,0,0,0,1,0
1740024,0,0,1,1,1,1,0,0,1,0
1740033,0,0,0,0,1,0,0,0,1,0
1740041,1,0,0,1,1,0,1,0,1,0
1740049,0,1,0,0,0,0,0,0,1,0
1740057,0,1,1,0,0,1,0,0,1,0
1740066,0,0,0,0,0,0,0,0,1,0
1740074,0,1,0,0,0,0,0,0,1,0
1740082,0,0,0,0,0,0,0,0,0,0
1740091,0,0,0,0,0,0,0,0,0,0
1740099,0,0,0,0,0,0,1,0,1,0
1750002,0,0,1,0,0,0,1,0,1,0
1750009,0,,0,0,1,0,1,0,1,0
1750016,0,0,0,0,1,0,1,0,1,0
1750023,1,0,0,0,1,0,0,0,1,0
1750029,0,0,0,0,0,0,0,0,0,0
1750036,0,1,1,0,0,0,1,0,1,0
1750043,0,1,0,0,0,0,1,1,1,0
1750049,0,0,0,1,1,0,0,0,1,0
1750056,0,1,1,0,0,0,0,1,1,0
1750063,0,0,0,1,1,0,0,0,0,1
1750070,0,0,0,0,1,0,1,0,1,0
1750076,0,0,0,0,1,0,0,0,1,0
1750083,0,0,0,1,0,0,1,1,1,0
1760001,0,1,0,0,0,0,0,0,1,0
1760006,0,1,0,0,0,0,1,0,1,0
1760011,0,1,1,1,1,0,1,0,1,0
1760017,0,0,0,1,1,0,1,0,1,0
1760022,0,0,0,1,1,0,0,0,1,0
1760027,0,1,0,0,0,0,0,0,1,0
1760032,0,0,0,0,1,0,1,0,1,0
1760037,0,0,0,1,0,0,1,0,1,0
1760042,0,1,0,0,1,0,1,0,1,0
1760047,0,0,0,0,1,0,1,0,1,0
1760052,1,0,0,0,1,1,1,0,1,0
1760057,0,0,0,0,1,0,0,0,1,0
1760062,0,0,0,0,1,0,0,0,1,0
1770001,0,1,0,0,1,1,1,0,1,0
1770009,0,0,0,0,1,0,1,0,1,0
1770012,0,0,0,0,1,1,1,0,1,0
1770016,0,0,0,0,1,1,0,0,1,0
1770020,0,1,0,0,1,1,1,0,1,0
1770023,0,1,1,0,1,0,0,0,1,0
1770027,0,1,0,0,1,0,1,1,1,0
1770031,0,0,1,0,1,1,1,1,1,0
1770035,0,0,0,0,1,1,1,0,1,0
1770038,0,0,0,0,1,1,1,1,1,0
1770042,0,1,0,0,1,1,0,0,1,0
1770046,0,1,0,0,1,0,1,0,1,0
1780001,0,1,0,0,1,0,0,0,1,0
1780005,0,0,0,1,1,0,1,0,0,1
1780009,1,0,0,1,1,0,1,0,1,0
1780012,0,,1,1,1,0,0,0,1,0
1780016,0,1,1,0,1,0,1,1,1,0
1780019,0,1,1,0,1,1,1,1,1,0
1780023,0,0,1,1,1,1,1,0,1,0
1780027,0,1,1,0,1,0,1,0,1,0
1780030,0,0,1,1,1,0,1,0,1,0
1780034,0,1,1,1,1,0,0,0,1,1
1780037,0,1,1,1,1,1,0,0,1,0
1780041,0,0,0,0,1,1,1,0,1,0
1780045,0,0,0,1,1,0,1,0,1,0
1790001,0,1,0,1,1,0,0,0,1,0
1790007,0,0,1,0,1,1,0,0,1,0
1790013,0,0,0,0,1,0,1,0,1,0
1790019,0,1,0,0,1,1,0,0,1,0
1790025,1,0,1,0,1,1,1,0,1,0
1790031,0,1,1,0,1,1,1,0,1,0
1790036,0,0,1,0,1,0,0,0,1,0
1790042,0,0,1,0,1,0,1,0,1,0
1790048,0,1,0,1,1,1,1,1,1,0
1790054,,0,0,1,1,1,1,1,1,0
1790060,0,1,0,1,1,0,1,0,1,0
1790066,0,0,0,0,1,1,1,1,1,0
1790071,0,1,1,1,1,1,1,0,1,0
1800003,0,1,1,0,1,0,1,0,1,0
1800005,0,0,0,0,1,0,0,0,1,0
1800008,0,0,0,0,1,0,1,1,1,0
1800010,0,0,1,1,1,1,1,1,1,0
1800013,0,0,1,1,1,0,1,1,1,0
1800015,0,1,0,0,1,0,0,0,1,0
1800018,0,1,0,0,1,0,0,0,1,0
1800021,0,1,1,0,1,0,1,1,1,0
1800023,1,1,0,0,1,0,1,0,1,0
1800026,0,1,0,0,1,0,1,0,1,0
1800028,0,0,0,0,1,0,1,1,1,0
1800031,0,0,0,0,1,0,1,1,1,0
1810005,0,1,0,1,1,0,1,0,1,0
1810010,0,0,0,0,1,0,1,0,1,0
1810015,0,0,0,1,1,0,0,0,0,0
1810021,0,0,0,1,1,0,1,0,1,0
1810026,0,0,1,0,1,0,1,0,0,0
1810031,0,1,0,0,1,0,1,1,1,0
1810036,0,0,0,0,1,1,1,0,1,0
1810041,0,1,0,0,1,1,1,0,1,0
1810047,0,0,0,0,1,0,0,0,1,0
1810052,0,1,0,0,1,0,0,0,1,0
1810062,0,0,0,1,1,0,1,1,1,1
1820003,0,0,0,1,1,0,1,0,1,0
1820007,0,,0,0,1,0,1,0,1,0
1820010,0,0,0,0,1,0,1,0,1,0
1820014,0,0,0,0,1,1,1,0,1,0
1820017,0,0,0,0,1,1,1,0,1,0
1820021,0,1,0,0,1,0,1,0,1,0
1820024,0,1,0,0,1,1,1,0,1,1
1820028,0,0,0,1,1,0,0,0,1,0
1820031,0,1,0,0,1,0,0,0,1,0
1820038,0,0,0,0,1,1,1,1,1,0
1820042,0,0,0,1,1,1,1,1,1,0
1830003,,0,0,1,1,1,0,1,1,0
1830007,1,0,0,0,1,1,0,1,1,0
1830011,1,0,0,0,1,0,0,0,1,0
1830015,1,1,1,0,1,1,1,0,1,0
1830019,0,0,0,0,1,0,0,1,1,1
1830023,0,0,0,0,1,0,0,0,1,0
1830026,0,0,0,0,1,0,0,0,1,0
1830030,0,0,0,0,1,0,0,0,1,0
1830034,0,0,0,1,1,1,0,1,1,1
1830038,0,1,0,0,1,0,0,0,1,1
1830042,1,0,0,1,0,1,1,1,1,0
1830046,0,0,0,1,1,0,1,1,0,1
1840003,0,1,1,1,1,0,1,1,1,1
1840008,1,1,1,1,1,0,1,1,1,1
1840012,0,0,0,0,1,1,1,0,1,0
1840016,1,0,0,0,1,0,0,0,1,0
1840020,0,1,0,0,1,1,1,1,1,0
1840024,1,1,0,0,1,0,1,0,1,0
1840028,0,0,0,0,1,0,1,0,1,0
1840032,1,0,1,0,1,0,1,1,1,0
1840036,0,1,1,1,1,0,1,0,1,0
1840040,0,0,1,0,1,0,0,1,1,1
1840044,1,0,1,1,1,0,1,0,1,0
1840048,0,1,1,1,1,0,1,0,1,0
1850004,0,0,0,0,1,0,1,1,1,0
1850009,0,1,1,0,1,0,1,0,1,0
1850014,1,1,0,0,1,0,1,0,1,0
1850018,0,0,0,0,1,0,1,0,1,0
1850023,1,1,0,0,1,0,0,0,1,0
1850028,0,1,0,0,1,0,1,0,1,0
1850033,0,0,0,0,1,0,0,0,1,0
1850038,0,0,1,0,1,0,0,0,1,0
1850043,0,0,0,1,1,1,1,1,1,0
1850048,0,1,0,0,1,1,1,1,1,1
1850053,1,0,1,1,1,1,1,1,1,0
1850058,0,1,1,0,1,1,0,0,1,0
1860001,0,0,0,0,1,0,1,0,1,0
1860005,0,0,1,0,1,0,1,0,1,0
1860010,0,1,0,0,1,0,1,0,1,0
1860014,0,1,0,0,1,0,0,0,1,0
1860018,0,1,0,0,1,0,1,0,1,0
1860022,0,0,0,1,1,0,0,1,1,0
1860026,0,1,0,0,1,0,0,0,1,0
1860030,0,1,0,0,1,0,0,0,1,0
1860034,0,1,0,0,1,0,0,0,1,0
1860038,0,1,0,0,1,0,0,1,1,0
1860042,0,0,0,0,1,0,1,1,1,1
1860046,0,1,1,0,1,0,0,1,1,0
1860050,0,0,0,0,1,0,0,0,1,0
1870003,0,0,0,0,1,0,0,0,1,0
1870006,0,1,0,0,1,0,0,0,1,0
1870010,0,0,0,0,1,0,0,0,1,0
1870013,0,0,0,0,1,0,1,0,1,1
1870017,0,0,1,0,1,0,1,0,1,0
1870020,1,1,0,0,1,0,0,0,1,0
1870023,0,0,0,1,1,0,0,1,1,0
1870027,0,1,0,0,1,1,0,0,1,0
1870030,0,1,0,0,1,0,1,0,1,0
1870033,0,0,0,0,1,0,0,0,1,0
1870037,0,0,0,0,1,0,1,0,1,0
1870040,0,0,0,0,1,0,0,0,1,0
1880001,1,1,1,1,1,0,1,1,1,1
1880005,0,0,0,0,1,0,0,0,1,0
1880009,0,1,1,0,1,0,1,0,1,0
1880012,0,0,0,0,1,0,1,1,1,0
1880016,0,0,1,0,1,1,1,1,1,0
1880019,0,0,0,1,1,0,1,0,1,0
1880023,0,0,0,,1,0,0,1,1,0
1880027,0,0,0,0,1,0,1,0,1,0
1880030,0,0,0,0,1,0,1,0,1,0
1880034,0,0,0,1,1,0,1,0,1,0
1880037,0,0,0,0,1,0,1,1,1,0
1880041,0,0,0,0,1,0,0,1,1,0
1880045,0,0,1,0,1,0,0,1,1,0
1890003,0,1,1,1,1,0,0,1,1,0
1890006,0,1,1,1,1,0,1,0,1,1
1890009,0,0,1,0,1,0,1,0,1,0
1890012,0,1,1,0,1,0,1,0,1,0
1890015,0,0,0,0,1,0,1,1,1,0
1890019,0,1,1,1,1,0,1,0,1,0
1890022,0,1,1,0,1,0,1,0,1,0
1890025,0,1,1,0,1,0,0,1,1,0
1890028,0,1,1,0,1,0,0,1,1,0
1890031,0,1,0,1,1,0,0,0,1,1
1890034,0,0,0,0,1,0,0,0,1,0
1890037,0,0,1,0,1,0,0,1,1,0
1900002,0,0,0,0,1,0,1,0,1,0
1900007,0,1,0,1,0,0,1,0,1,0
1900012,0,1,0,0,0,0,0,0,1,0
1900017,0,0,0,0,0,0,0,0,1,0
1900022,0,0,0,0,0,0,1,0,1,0
1900026,1,0,1,1,0,0,1,0,1,0
1900031,0,0,0,0,0,0,0,1,1,0
1900036,0,0,0,1,0,0,0,1,1,0
1900041,0,1,0,1,1,1,0,1,1,0
1900050,0,0,0,1,0,0,0,1,1,1
1900055,1,0,0,1,1,0,0,1,1,0
1900060,0,1,0,0,0,0,0,0,1,0
1910001,0,0,0,0,0,0,1,0,1,0
1910005,1,0,1,1,0,0,0,0,1,0
1910009,0,1,0,0,0,0,1,0,1,0
1910016,0,0,0,1,0,0,1,0,1,0
1910020,1,1,0,1,0,0,1,0,1,0
1910024,0,0,1,0,0,0,1,0,1,0
1910028,0,0,0,1,1,0,0,0,1,0
1910031,0,0,0,1,0,0,1,0,1,0
1910035,0,0,0,1,0,0,0,0,1,0
1910039,0,0,0,0,0,0,0,0,1,0
1910043,0,1,1,0,0,0,0,0,1,0
1910047,0,0,0,0,0,0,0,0,1,0
1920001,0,1,1,1,1,0,0,0,1,0
1920004,0,0,1,1,1,0,0,0,1,0
1920006,0,0,1,0,1,0,1,0,1,0
1920009,1,1,1,0,1,0,0,0,1,0
1920011,0,1,1,1,1,0,0,0,1,0
1920014,0,0,0,1,1,0,1,0,1,0
1920016,0,1,0,0,1,0,1,1,1,0
1920019,0,0,0,0,1,0,1,0,1,0
1920021,0,1,1,0,1,0,1,0,1,0
1920024,0,1,0,0,1,0,1,0,1,0
1920026,0,1,1,0,1,0,1,0,1,0
1920029,0,1,0,0,1,0,1,0,1,0
1920031,0,0,1,1,1,0,0,1,1,0
1930003,0,1,0,0,1,1,1,0,1,0
1930006,0,1,0,0,1,0,1,1,1,0
1930010,0,0,1,0,1,0,1,0,1,0
1930013,0,0,1,0,1,0,1,0,1,0
1930016,0,1,1,0,1,0,1,0,1,0
1930019,0,0,0,1,1,1,1,0,1,0
1930023,0,1,1,1,1,1,0,0,1,0
1930026,0,0,0,1,1,1,1,0,1,0
1930029,0,1,0,0,1,1,1,0,1,0
1930033,1,1,0,0,1,0,1,0,1,0
1930036,0,1,1,0,1,1,1,0,1,0
1930039,1,0,1,0,1,1,1,0,1,0
1940001,0,0,1,0,1,1,1,0,1,1
1940007,0,0,1,1,1,0,1,1,1,0
1940012,0,1,0,0,1,0,1,0,1,0
1940017,0,1,0,0,1,0,1,0,1,0
1940023,1,1,0,0,0,0,1,0,1,0
1940028,0,1,0,0,0,0,1,0,1,0
1940033,0,0,0,1,1,0,0,0,1,0
1940038,0,1,0,0,0,0,1,0,1,0
1940044,0,1,0,1,0,0,1,1,1,0
1940049,0,1,1,0,1,0,1,0,1,0
1940054,0,1,0,0,0,0,1,0,1,0
1940059,0,1,1,0,0,0,1,0,1,1
1940065,0,1,0,0,0,0,1,0,1,0
1950002,0,0,0,1,0,0,1,0,1,0
1950007,0,1,1,0,0,0,1,0,1,0
1950012,1,1,0,0,0,0,1,0,1,0
1950017,0,0,0,0,0,0,1,0,1,0
1950022,0,0,0,1,0,0,1,0,1,0
1950027,0,0,0,0,0,0,0,0,1,0
1950032,0,0,0,0,0,0,0,0,1,0
1950037,0,0,1,1,1,0,1,0,1,1
1950041,0,0,0,0,0,0,1,0,1,0
1950046,0,0,0,0,1,0,1,0,1,0
1950051,0,0,0,1,0,0,1,0,1,0
1950056,0,0,0,0,0,0,0,0,1,0
1950061,0,1,1,0,0,1,1,0,1,0
1960005,0,1,1,0,0,0,0,0,1,0
1960010,1,0,0,1,0,0,1,0,1,0
1960015,0,0,1,1,0,0,1,0,1,1
1960021,0,0,1,1,0,0,1,0,1,0
1960026,0,0,0,1,1,0,1,0,1,0
1960031,0,0,1,0,0,0,1,0,1,0
1960036,0,1,0,0,0,0,0,0,1,0
1960041,0,1,1,0,0,0,0,0,1,0
1960047,0,0,0,1,1,0,1,0,1,0
1960052,0,0,0,0,0,0,1,0,1,0
1960057,0,1,0,0,0,0,1,0,1,0
1960062,0,1,1,0,0,0,1,0,1,0
1970007,0,,0,0,1,0,1,0,1,1
1970013,0,0,0,0,0,0,0,0,1,1
1970019,0,1,0,1,0,0,1,0,1,0
1970026,0,0,0,1,0,0,1,0,0,0
1970032,0,0,0,1,1,0,1,0,1,0
1970039,0,,0,0,0,0,1,0,1,0
1970045,0,0,0,0,0,0,1,0,1,1
1970051,0,0,0,0,1,0,1,0,1,0
1970058,0,0,1,0,0,0,1,0,1,0
1970064,0,0,0,1,0,0,0,0,1,0
1970071,0,0,0,0,0,0,0,0,1,0
1970077,0,0,0,0,0,0,0,0,1,0
1980002,0,0,0,0,0,0,1,0,0,0
1980010,0,0,0,0,0,0,1,0,1,0
1980017,0,0,0,1,0,0,0,0,1,0
1980025,0,0,0,0,1,1,1,0,0,0
1980032,0,0,0,1,1,0,1,0,1,1
1980040,0,1,0,1,1,0,1,0,1,1
1980063,0,0,1,0,1,0,0,0,1,1
1980070,0,0,0,0,1,0,1,0,1,0
1980078,0,0,0,0,0,1,1,0,1,0
1980093,1,0,0,1,1,0,0,1,1,0
1990001,0,1,1,1,1,0,1,1,1,0
1990006,0,0,1,1,0,0,1,1,1,0
1990011,0,1,1,1,1,0,1,1,1,1
1990015,0,0,1,1,1,0,1,0,1,1
1990020,0,1,0,0,1,0,1,0,1,0
1990025,0,1,0,0,1,0,1,0,1,0
1990029,0,0,0,1,1,0,1,0,1,0
1990034,0,1,1,0,1,0,1,0,1,0
1990039,0,1,0,0,0,0,1,0,1,0
1990043,0,0,1,0,0,0,1,0,1,0
1990048,0,1,0,1,1,0,1,0,1,0
1990052,0,1,0,1,1,0,1,1,1,0
1990057,0,1,1,0,1,0,1,0,1,0
2000004,0,1,1,1,1,0,1,1,1,1
2000010,0,0,1,1,1,0,1,0,1,0
2000016,0,0,0,1,1,0,1,0,1,0
2000022,0,0,0,0,1,0,1,0,1,0
2000028,0,1,0,1,1,0,1,0,1,1
2000034,0,0,0,0,1,0,0,0,1,0
2000039,0,0,0,1,1,1,1,1,1,1
2000045,0,0,0,1,1,1,1,1,1,0
2000051,0,1,1,1,1,1,1,0,1,0
2000057,0,0,0,1,1,1,1,1,1,0
2000063,0,0,1,0,1,1,1,0,1,0
2000069,0,0,0,1,1,0,1,0,1,1
2010001,0,0,1,1,1,1,1,0,1,0
2010003,0,0,0,1,1,1,1,0,1,0
2010005,0,0,1,1,1,1,1,1,1,1
2010007,0,0,1,1,0,1,1,1,1,0
2010009,0,0,1,1,1,1,1,0,1,0
2010011,0,1,0,1,1,1,1,1,1,1
2010013,0,1,1,1,1,1,1,0,1,0
2010015,0,0,0,1,1,1,1,0,1,0
2010017,0,0,0,0,1,1,1,0,1,0
2010019,0,0,1,1,1,1,1,1,1,0
2010021,0,0,1,0,1,1,1,0,1,0
2010023,0,0,1,0,1,1,1,0,1,0
2020001,0,1,0,0,1,0,1,1,1,0
2020004,0,1,0,1,1,0,0,1,1,1
2020007,0,0,1,0,1,0,0,0,1,0
2020009,0,0,1,0,1,0,1,1,1,1
2020012,0,0,1,0,1,0,1,1,1,0
2020014,1,1,0,0,1,0,1,1,1,0
2020017,0,1,0,0,1,0,0,1,1,0
2020019,0,0,0,0,1,0,1,0,1,1
2020022,0,0,1,1,1,0,1,0,1,0
2020024,0,0,0,0,1,0,1,0,1,1
2020027,0,0,0,0,1,1,1,1,1,1
2020030,0,0,0,1,1,0,1,0,1,0
2020032,0,0,1,1,1,1,1,1,1,0
2030003,0,1,1,1,1,0,1,1,1,0
2030006,0,1,0,0,1,0,1,1,1,0
2030009,0,0,1,1,1,0,1,1,1,0
2030011,1,1,1,1,1,0,1,1,1,0
2030014,0,1,0,1,1,0,1,1,1,0
2030017,0,1,1,1,1,0,1,1,1,0
2030020,0,1,1,1,1,0,1,1,1,1
2030023,0,1,1,0,1,0,0,1,1,0
2030026,0,1,1,1,1,1,1,1,1,0
2030029,0,1,1,0,1,1,1,0,1,1
2030032,0,1,1,1,1,0,1,1,1,0
2030035,0,0,1,1,1,0,1,1,1,0
2040001,0,1,1,1,1,1,1,1,1,0
2040004,1,0,1,1,1,1,1,0,1,0
2040006,0,0,1,0,1,1,1,1,1,0
2040008,0,1,1,0,1,1,1,1,1,0
2040011,0,1,1,0,1,0,1,0,1,0
2040013,0,0,0,1,1,0,1,1,1,1
2040015,0,0,1,1,1,0,1,1,1,0
2040018,0,1,1,1,1,0,1,0,1,0
2040020,0,0,1,1,1,0,1,0,1,1
2040022,0,1,1,1,1,0,1,1,1,0
2040025,0,1,1,1,1,0,1,0,1,0
2040027,0,1,1,1,1,0,1,1,1,0
2040029,0,0,1,1,1,0,1,1,1,0
2050002,0,0,1,1,1,0,1,1,1,0
2050007,0,1,1,1,1,0,1,0,1,0
2050011,0,0,1,1,1,0,1,1,1,0
2050015,0,1,1,0,1,0,1,1,1,0
2050019,0,1,0,0,1,0,1,0,1,0
2050023,0,1,0,1,1,1,1,0,1,0
2050027,0,0,1,1,1,0,1,1,1,0
2050032,0,1,0,1,1,0,1,1,1,1
2050036,0,0,1,1,1,0,1,1,1,0
2050040,0,0,1,1,1,1,1,1,1,0
2050044,0,1,1,1,1,0,1,1,1,1
2050052,0,0,1,1,1,0,1,1,1,0
2060003,,,1,1,1,0,1,1,1,0
2060006,0,0,1,1,1,0,1,1,1,0
2060011,0,1,1,1,1,0,1,1,1,0
2060014,0,1,1,1,1,0,1,0,1,0
2060017,0,0,0,1,1,0,1,1,1,1
2060020,0,0,1,1,1,0,1,1,1,0
2060023,0,1,1,1,1,0,1,0,1,0
2060026,0,1,1,0,1,0,1,1,1,0
2060029,1,0,0,1,1,1,1,1,1,0
2060032,0,0,1,1,1,1,1,1,1,0
2060035,0,1,0,1,1,1,1,1,1,0
2070004,0,1,0,0,1,0,1,0,1,0
2070008,1,0,1,1,1,0,1,1,1,1
2070013,1,0,1,1,1,0,1,1,1,1
2070017,0,0,1,1,1,0,1,0,1,0
2070026,0,0,1,0,1,0,1,0,1,0
2070031,0,1,0,0,1,0,1,1,1,0
2070035,1,1,1,0,1,1,1,0,1,0
2070039,1,0,0,1,1,0,1,1,1,0
2070044,0,1,1,1,1,0,1,0,1,0
2070048,0,0,0,1,1,0,1,1,1,1
2070053,0,0,1,1,1,0,1,1,1,0
2080004,0,1,0,0,1,0,1,1,1,1
2080008,1,0,0,1,1,0,1,1,1,1
2080013,0,1,1,1,1,0,1,0,1,0
2080018,1,0,1,1,1,0,0,0,1,0
2080023,0,1,1,0,1,1,1,1,1,0
2080027,0,1,1,1,1,0,1,1,1,1
2080032,0,1,1,1,1,0,1,1,1,0
2080037,0,0,1,1,1,0,0,1,1,1
2080042,0,1,1,1,1,0,0,1,1,0
2080046,0,1,0,0,1,0,1,1,1,1
2080051,0,0,0,1,1,0,1,1,1,1
2080056,0,0,1,1,1,1,0,1,1,1
2090001,0,1,0,0,1,1,0,0,1,0
2090004,0,1,0,1,1,1,1,0,1,0
2090006,0,1,0,1,1,0,0,1,1,0
2090009,0,0,0,1,1,0,0,0,1,1
2090011,0,0,1,0,1,0,0,0,1,0
2090014,0,1,1,0,1,1,0,0,1,0
2090016,0,1,1,0,1,1,0,0,1,0
2090019,0,0,0,1,1,0,0,1,1,0
2090021,0,,0,1,1,0,1,1,1,0
2090024,1,1,0,0,1,0,0,0,1,0
2090026,0,0,0,0,1,0,1,1,1,0
2090029,0,0,0,1,1,1,1,1,1,0
2090031,0,0,0,1,1,0,1,1,1,0
2100003,0,0,0,0,0,0,1,0,1,0
2100005,0,0,0,0,0,0,1,1,1,0
2100008,0,0,0,1,0,0,1,0,1,0
2100011,0,1,1,0,0,0,1,1,1,0
2100014,0,0,1,1,0,0,1,1,1,0
2100016,0,1,1,0,0,0,0,0,1,0
2100019,0,1,0,0,0,0,0,0,1,0
2100022,0,1,0,0,0,0,0,0,1,0
2100025,0,1,0,1,0,0,0,0,1,0
2100027,0,,0,0,0,0,0,0,1,0
2100030,0,0,0,0,0,0,0,0,1,0
2100033,0,0,1,0,0,0,0,0,1,0
2110001,0,1,0,1,1,0,1,0,1,0
2110005,0,0,0,1,1,0,1,1,1,0
2110009,0,0,1,0,1,0,1,0,1,0
2110012,0,1,0,0,1,0,1,1,1,0
2110016,0,0,1,0,1,0,1,0,1,0
2110019,0,1,0,0,1,0,1,0,1,0
2110023,0,1,1,1,1,1,1,1,1,0
2110027,0,1,1,0,1,1,1,1,1,0
2110030,0,0,0,0,1,0,1,1,1,0
2110034,0,0,1,1,1,0,1,1,1,1
2110037,0,1,1,1,1,0,1,0,1,0
2110041,0,1,1,0,1,0,1,1,1,0
2110045,0,1,0,0,1,0,1,1,1,0
2120005,0,1,1,0,0,1,1,0,1,0
2120010,0,0,0,0,0,0,1,0,1,0
2120016,1,1,0,0,0,0,1,0,1,0
2120021,0,0,0,0,0,0,1,0,0,1
2120026,0,0,1,0,0,0,1,0,1,0
2120031,1,1,0,1,0,0,1,0,1,0
2120037,0,0,0,1,0,0,1,0,0,0
2120042,0,0,1,0,1,0,0,0,1,0
2120047,0,0,0,1,1,0,1,1,0,1
2120053,0,0,0,0,1,0,0,0,1,0
2120058,0,0,0,1,0,0,1,0,1,0
2120063,0,0,0,0,0,0,0,0,0,0
2130002,0,1,0,0,1,0,0,0,1,0
2130008,0,0,1,0,1,0,0,1,1,0
2130013,0,1,1,1,1,0,1,1,1,1
2130018,0,0,0,0,1,0,0,0,1,1
2130024,0,0,0,0,1,1,0,1,1,0
2130029,0,0,1,0,1,1,0,0,1,0
2130035,0,1,1,0,1,0,1,1,1,1
2130040,0,0,0,0,1,0,0,1,1,0
2130045,1,0,0,0,1,0,0,1,1,0
2130051,0,0,1,0,1,1,1,1,1,0
2130056,0,1,1,1,1,0,1,1,1,1
2130061,0,1,0,0,1,0,1,1,1,0
2130067,0,0,0,0,1,0,0,1,1,0
2140003,0,1,0,1,1,0,0,1,1,0
2140007,0,1,1,0,1,0,0,1,1,0
2140011,0,1,0,1,1,1,1,1,1,0
2140015,0,0,1,1,1,1,1,1,1,0
2140019,0,0,1,1,1,1,0,0,1,0
2140023,0,1,0,1,1,1,1,1,1,0
2140027,0,0,0,0,1,0,1,0,1,0
2140031,1,0,0,0,1,0,1,0,1,0
2140035,0,1,1,0,1,0,0,0,1,0
2140039,1,1,1,0,1,0,1,0,1,0
2140043,0,1,0,0,1,0,1,0,1,0
2140046,0,1,1,1,1,0,1,1,1,0
2150001,0,1,1,0,1,0,0,1,1,0
2150004,0,1,0,0,1,0,0,0,1,0
2150006,1,1,1,1,1,0,1,1,1,1
2150009,0,1,1,1,1,0,0,1,1,0
2150011,0,1,1,0,1,0,1,1,1,0
2150014,0,1,1,0,1,0,1,1,1,0
2150016,0,1,0,1,1,0,1,1,1,0
2150019,0,1,1,0,1,0,1,0,1,0
2150021,0,1,0,1,1,0,1,1,1,0
2150024,1,1,0,0,1,0,1,1,1,0
2150026,0,0,1,0,1,0,1,1,1,0
2150029,0,1,1,1,1,0,0,1,1,0
2150031,0,0,0,0,1,0,0,1,1,0
2160003,0,0,0,1,1,0,1,0,1,0
2160006,0,0,0,1,1,0,1,1,1,0
2160009,0,1,0,0,0,0,1,0,1,0
2160012,0,0,0,1,1,0,1,0,1,0
2160015,0,0,0,0,1,0,0,0,1,0
2160018,0,0,0,0,1,0,0,0,1,0
2160021,0,0,0,1,1,0,0,0,1,1
2160024,0,0,0,1,1,0,0,0,1,1
2160027,0,1,0,0,1,0,0,0,1,0
2160030,0,1,1,0,1,0,0,0,1,0
2160032,0,0,0,1,1,0,1,0,1,1
2160035,0,1,1,0,1,1,1,1,1,0
2170002,0,0,0,0,1,0,1,1,1,0
2170005,0,0,0,0,1,0,0,0,1,0
2170007,0,1,0,1,1,0,1,1,1,0
2170009,0,1,0,0,1,0,1,0,1,0
2170011,0,0,1,1,1,0,1,1,1,0
2170013,0,1,0,0,0,0,1,0,1,0
2170015,0,1,0,0,1,0,1,1,1,0
2170018,0,1,1,0,1,0,1,1,1,0
2170020,1,1,0,1,1,0,1,1,1,0
2170022,1,0,0,0,1,0,0,1,1,1
2170024,1,1,1,0,1,0,1,1,1,0
2170026,0,0,1,1,1,0,1,1,1,0
2180001,0,0,0,0,0,0,1,0,1,0
2180005,0,1,1,0,1,0,0,0,1,0
2180009,0,1,1,0,0,0,1,1,1,0
2180012,0,1,1,1,0,0,0,0,1,0
2180016,0,0,0,0,0,0,0,0,1,0
2180020,0,0,0,0,0,0,1,1,1,0
2180023,0,1,0,0,0,0,0,0,1,0
2180027,0,0,0,0,0,0,0,0,1,0
2180031,0,1,0,0,0,0,1,1,1,0
2180035,0,1,0,0,0,0,1,0,1,0
2180038,0,1,1,0,0,0,0,0,1,0
2180042,1,1,0,0,0,0,1,1,1,0
2180046,0,1,0,0,0,0,1,0,1,0
2190005,0,0,1,0,1,0,1,1,1,0
2190010,0,1,0,0,1,1,1,1,1,0
2190015,0,1,0,0,1,1,1,1,1,0
2190020,0,0,1,0,1,0,1,0,1,0
2190025,0,0,1,1,1,0,1,0,1,0
2190030,0,1,0,0,1,0,1,1,1,1
2190035,0,0,0,0,1,0,1,1,1,0
2190040,0,0,0,0,1,1,1,1,1,0
2190045,0,0,0,1,1,0,1,1,1,1
2190050,0,0,1,0,1,0,1,1,1,0
2190055,1,1,1,1,1,0,1,1,1,0
2190060,1,0,1,1,1,1,1,1,1,1
2200005,1,0,1,0,1,1,1,1,1,0
2200010,0,0,1,1,1,1,1,1,1,0
2200015,1,1,1,1,1,1,1,1,1,1
2200020,0,0,1,1,1,1,1,1,1,0
2200025,0,1,1,1,1,1,1,1,1,0
2200030,0,1,1,1,1,1,1,1,1,0
2200035,0,0,1,1,1,0,1,1,1,0
2200040,0,0,1,0,1,0,1,1,1,0
2200045,0,0,0,1,1,0,0,0,1,0
2200050,0,1,0,1,1,0,1,1,1,1
2200055,0,0,1,0,1,1,1,1,1,0
2200060,0,1,1,1,1,1,0,1,1,0
2210001,0,1,1,1,1,0,0,1,1,0
2210004,0,1,1,1,1,0,0,0,1,0
2210006,0,0,0,1,1,0,1,1,1,0
2210009,0,0,0,0,1,0,0,1,1,1
2210011,0,0,1,0,1,0,0,0,1,0
2210014,0,0,0,0,1,0,1,1,1,0
2210016,0,0,1,1,1,0,1,1,1,1
2210019,0,0,1,1,1,0,1,1,1,0
2210021,0,0,1,1,1,0,1,1,1,1
2210024,0,0,0,1,1,0,1,1,1,0
2210026,1,0,0,1,1,0,0,1,1,0
2210029,0,0,0,0,0,0,0,0,0,0
2210031,1,1,1,1,1,0,0,0,1,0
2220001,0,1,0,0,0,0,0,1,1,0
2220005,0,1,1,0,1,0,1,1,1,0
2220008,0,1,0,0,1,0,1,0,1,1
2220012,0,0,0,1,1,0,1,0,0,0
2220015,0,1,0,0,0,0,1,0,1,0
2220019,0,1,1,0,1,0,1,0,1,0
2220023,0,0,0,0,0,0,1,0,1,0
2220026,0,1,1,0,0,0,1,0,1,0
2220030,0,0,0,0,1,0,1,1,0,0
2220033,0,0,0,0,0,0,1,1,1,0
2220040,0,0,1,0,0,0,0,0,1,0
2220044,0,1,1,0,0,0,0,0,1,0
2230003,0,0,0,0,1,0,0,1,1,0
2230007,0,0,0,1,1,0,1,1,1,0
2230011,0,0,0,1,1,0,1,0,1,0
2230015,0,0,0,1,1,0,1,1,1,0
2230019,0,0,1,1,1,0,1,0,1,0
2230023,0,0,1,0,1,0,1,0,1,0
2230026,0,0,0,1,1,0,0,0,1,0
2230030,0,1,0,0,1,0,1,0,1,0
2230034,0,0,1,0,1,0,1,1,0,0
2230038,0,0,1,0,1,0,1,0,1,0
2230042,0,1,1,0,1,1,1,0,1,0
2230046,0,1,1,0,1,0,1,0,1,0
2240005,0,0,0,0,0,1,0,0,1,0
2240011,0,0,0,0,0,0,0,0,1,0
2240017,0,0,0,1,0,1,0,0,1,0
2240024,0,0,0,0,0,0,1,1,1,0
2240030,0,0,0,0,1,0,1,0,1,0
2240036,0,0,0,1,0,0,1,0,0,0
2240042,0,0,0,1,0,0,1,0,0,1
2240049,0,1,1,0,0,0,1,0,1,0
2240055,0,0,0,1,0,0,1,0,1,0
2240061,0,0,0,0,1,0,1,0,1,1
2240068,0,0,0,0,0,0,1,0,1,0
2240074,1,1,0,0,0,0,1,0,1,0
2250001,0,0,0,0,0,0,1,0,1,0
2250006,0,0,0,0,0,0,1,0,1,0
2250010,1,0,1,0,0,0,1,0,1,0
2250015,0,0,0,1,0,0,1,1,1,0
2250019,0,0,0,1,0,0,1,0,1,0
2250024,0,0,0,0,0,0,1,0,1,0
2250028,0,0,0,0,1,0,1,0,1,0
2250033,0,0,0,0,0,0,1,0,1,0
2250037,0,0,0,0,0,1,1,0,1,0
2250042,0,0,0,0,1,0,1,0,1,0
2250046,0,0,1,0,0,0,0,0,1,0
2250051,0,1,0,0,1,0,1,0,1,0
2250055,1,0,1,0,0,1,1,0,1,0
2260007,0,1,0,0,0,0,0,0,1,0
2260014,0,0,0,1,0,0,1,1,0,0
2260020,0,0,0,0,1,0,1,1,0,0
2260027,1,0,0,0,0,0,1,0,1,0
2260034,0,0,0,0,0,0,1,0,0,0
2260041,0,,0,1,1,0,1,0,1,0
2260048,0,0,0,0,0,0,1,0,1,0
2260054,0,0,0,0,0,0,1,0,1,0
2260061,0,1,1,0,0,1,0,0,1,0
2260068,0,0,0,0,0,0,1,0,1,0
2260075,0,0,1,1,0,0,0,0,1,0
2260082,1,0,0,1,0,0,1,0,1,0
2270005,0,0,0,1,0,0,1,0,1,0
2270009,0,1,0,0,0,0,1,0,1,0
2270014,0,1,1,0,0,0,1,0,1,0
2270018,0,1,0,0,0,0,1,0,1,0
2270023,0,1,0,0,0,0,1,0,1,0
2270027,0,0,0,0,0,0,1,1,1,0
2270032,0,1,1,0,0,0,0,0,1,0
2270036,0,0,0,0,0,0,0,0,1,0
2270040,0,0,0,0,0,0,1,0,0,0
2270045,0,0,0,0,0,0,1,0,1,0
2270049,0,0,0,0,0,0,0,0,1,0
2270054,0,0,0,0,0,0,0,0,1,0
2280003,0,0,0,0,0,0,1,0,1,0
2280010,0,0,0,0,0,0,0,0,0,0
2280016,0,0,0,0,0,0,1,1,1,0
2280022,0,0,0,0,0,0,1,0,1,0
2280029,0,0,0,1,0,0,1,0,1,1
2280035,0,1,0,0,0,0,1,0,1,0
2280041,0,0,0,0,0,0,1,1,1,0
2280048,0,0,0,0,0,0,1,0,1,0
2280054,1,0,1,0,1,0,1,1,1,0
2280060,0,0,1,0,1,0,1,1,1,0
2280067,0,,0,0,1,0,1,1,1,0
2280073,1,0,1,0,1,0,1,1,1,0
2280079,0,1,0,0,1,0,1,1,1,0
2290001,0,0,1,0,1,1,1,1,1,1
2290005,1,0,0,1,1,1,1,1,1,0
2290008,0,0,1,1,1,1,1,1,1,0
2290012,0,0,0,1,1,1,1,1,1,0
2290015,0,0,1,1,1,1,1,1,1,0
2290019,0,0,0,0,1,1,1,1,1,0
2290022,0,0,1,1,1,1,1,1,1,0
2290025,1,1,1,0,1,1,1,1,1,0
2290029,0,0,1,1,1,1,0,1,1,0
2290032,1,1,0,0,0,1,1,0,1,0
2290036,0,0,1,0,1,0,1,0,1,0
2290039,0,1,1,1,1,0,1,0,1,0
2290043,0,1,0,0,1,1,1,0,1,0
2300004,0,0,0,0,1,0,0,1,1,0
2300010,0,1,0,0,1,0,1,0,1,0
2300016,0,0,0,0,1,0,0,0,1,0
2300022,0,,0,0,1,0,1,1,1,0
2300028,0,0,0,0,1,0,1,0,1,1
2300034,1,0,0,0,1,0,1,0,1,0
2300040,0,0,0,0,1,0,1,0,1,0
2300046,0,0,0,1,1,0,1,0,1,0
2300052,0,0,0,0,1,0,1,0,1,0
2300058,0,0,0,1,1,0,0,1,1,0
2300064,0,0,0,0,1,0,1,0,1,0
2310003,0,1,1,1,1,0,1,1,1,0
2310008,0,0,0,0,1,0,1,1,1,0
2310012,1,0,0,1,1,0,1,1,1,0
2310016,0,1,0,1,1,0,1,0,1,0
2310020,0,0,0,0,1,0,0,0,1,0
2310024,0,0,0,0,1,0,1,0,1,0
2310028,0,0,1,0,1,0,1,1,1,0
2310032,0,0,0,0,1,0,1,1,1,0
2310036,0,0,0,0,1,0,1,1,1,1
2310040,0,1,0,1,1,0,1,1,1,0
2310044,0,1,0,0,1,0,0,0,1,0
2310048,0,1,1,0,1,0,0,0,1,0
2320001,0,0,1,1,0,0,1,1,1,0
2320009,0,0,0,0,0,0,0,0,1,0
2320016,0,0,0,0,1,0,1,1,1,0
2320023,0,1,0,1,1,0,1,1,1,0
2320030,0,1,0,0,1,0,1,0,1,1
2320037,0,0,0,0,1,0,0,0,1,0
2320044,0,0,0,0,0,0,1,0,0,1
2320051,0,0,0,0,0,0,1,0,0,0
2320058,0,0,0,1,0,0,1,0,0,1
2320065,0,0,0,0,1,0,1,0,1,1
2320073,0,1,1,1,1,0,0,1,1,0
2320087,0,0,0,0,0,0,1,0,0,0
2330001,0,1,0,1,1,0,1,1,1,0
2330005,0,1,0,1,1,0,1,1,1,0
2330010,0,0,0,0,1,0,1,1,1,0
2330014,0,0,1,0,1,0,1,1,1,0
2330018,0,1,1,0,1,0,1,0,1,0
2330022,0,0,1,0,1,0,1,1,1,0
2330026,0,1,1,0,1,1,1,1,1,0
2330030,0,1,0,0,1,0,1,0,1,0
2330034,1,1,0,0,1,0,1,1,1,0
2330038,0,1,0,0,1,0,1,0,1,0
2330042,0,0,1,1,1,0,1,0,1,0
2330046,0,0,0,0,1,0,1,0,1,0
2330050,0,1,1,0,1,0,1,1,1,0
2340005,0,0,1,0,1,0,1,1,1,0
2340014,0,1,1,1,1,0,1,1,1,0
2340019,0,0,1,1,1,0,1,1,1,0
2340023,0,0,1,1,1,0,1,1,1,0
2340028,0,,1,1,1,1,1,1,1,0
2340033,0,0,1,1,1,0,1,1,1,1
2340037,0,1,0,0,1,1,1,0,1,0
2340042,0,0,1,1,1,1,1,0,1,0
2340046,0,0,1,0,1,1,1,0,1,0
2340051,0,0,1,1,1,0,1,1,1,0
2340056,0,0,0,1,1,1,1,1,1,0
2350001,0,1,0,0,1,0,1,0,1,0
2350005,0,0,1,1,1,0,1,0,1,0
2350009,0,,0,0,1,0,1,0,1,0
2350012,0,1,0,0,1,0,1,1,1,0
2350016,0,,1,0,1,0,1,0,1,0
2350019,0,0,0,1,1,0,1,0,1,0
2350023,0,1,1,0,1,0,1,0,1,0
2350027,1,0,0,1,1,0,1,1,1,1
2350030,0,1,1,1,1,0,1,1,1,0
2350034,1,0,1,0,1,0,1,0,1,0
2350037,0,0,1,1,1,0,1,1,1,0
2350041,0,1,1,0,0,0,1,0,1,0
2350045,1,1,1,0,1,0,1,1,1,1
2360002,0,0,0,0,0,0,0,0,1,0
2360008,0,0,0,0,0,0,0,1,1,0
2360013,1,1,0,0,0,0,0,1,1,0
2360018,0,0,0,0,0,0,0,0,1,0
2360023,0,0,0,0,1,0,1,0,1,0
2360028,0,1,0,1,1,0,1,1,1,0
2360034,0,1,0,0,1,0,0,0,1,1
2360039,0,0,0,1,1,0,1,1,0,0
2360044,0,0,0,0,0,0,1,0,1,0
2360049,0,0,0,1,0,0,1,0,1,0
2360054,0,0,0,0,0,0,1,0,1,0
2360060,0,0,0,0,0,0,1,0,1,0
2360065,0,1,0,1,0,0,1,0,1,0
2370003,0,1,1,0,1,0,1,1,1,0
2370005,0,0,0,0,0,0,1,1,1,0
2370007,0,0,0,0,0,0,0,1,1,0
2370009,0,1,0,0,0,0,0,0,1,0
2370011,0,0,1,0,0,0,0,0,1,0
2370014,0,0,0,0,0,0,1,0,0,0
2370016,0,1,0,0,0,0,1,1,1,0
2370018,1,0,0,0,0,0,1,0,1,0
2370020,0,0,1,0,0,0,0,0,1,0
2370023,0,1,1,0,0,0,1,1,1,0
2370025,0,1,0,0,0,0,0,0,1,0
2370027,0,1,0,0,0,0,1,0,1,0
2380006,1,0,1,0,1,0,1,1,1,0
2380012,0,1,1,1,1,1,1,1,1,0
2380018,0,0,1,0,1,1,1,1,1,0
2380025,0,1,1,1,1,0,1,1,1,0
2380031,0,0,0,1,1,1,1,1,1,0
2380038,0,0,0,0,0,0,0,0,0,0
2380044,0,0,0,0,0,0,1,0,0,0
2380063,0,0,0,0,0,0,1,0,1,0
2380070,0,0,0,0,0,0,0,0,0,0
2390001,0,0,0,1,1,0,1,1,1,1
2390003,0,0,0,0,1,0,1,1,1,0
2390005,1,1,1,0,1,0,1,1,1,0
2390007,0,1,1,0,1,0,1,1,1,0
2390009,1,0,0,1,1,0,1,1,1,1
2390011,1,1,1,1,1,0,1,1,1,0
2390013,0,1,1,0,1,0,1,1,1,0
2390015,0,1,1,0,1,0,1,1,1,1
2390017,0,1,0,0,1,0,1,0,1,0
2390019,0,0,1,1,1,1,1,0,1,0
2390021,0,0,1,0,1,0,1,0,1,0
2400003,0,0,1,0,1,0,1,1,1,0
2400006,0,0,1,0,1,0,1,1,1,0
2400009,0,1,1,0,1,0,1,0,1,0
2400011,1,1,1,0,1,1,1,1,1,0
2400014,0,1,0,0,1,0,1,1,1,0
2400017,0,1,0,0,1,0,1,0,1,0
2400020,0,0,1,0,1,0,1,0,1,0
2400023,1,0,0,1,1,0,1,1,1,0
2400026,1,1,1,0,1,0,1,0,1,0
2400029,0,0,0,0,1,0,1,0,1,0
2400032,0,1,0,1,1,0,0,1,1,0
2400035,0,0,1,0,1,0,1,0,1,1
2410003,1,0,1,0,1,0,1,0,1,0
2410005,0,0,0,0,1,0,1,0,1,0
2410008,0,0,0,0,1,0,1,1,1,0
2410011,0,0,0,0,1,0,1,0,1,0
2410013,0,0,1,1,1,0,0,1,1,0
2410016,0,0,0,0,1,0,1,1,1,0
2410019,0,1,0,1,1,0,1,0,1,0
2410021,1,0,0,0,1,0,0,1,1,0
2410024,0,1,1,1,1,0,0,1,1,0
2410026,0,1,1,0,1,0,1,0,1,0
2410029,0,0,0,0,1,0,0,1,1,0
2410032,0,,1,1,1,0,1,1,1,0
2420005,0,0,0,0,1,0,1,1,1,0
2420009,0,0,0,0,1,0,1,0,1,0
2420014,0,1,0,1,1,1,1,1,1,1
2420018,1,1,0,0,1,0,0,0,1,0
2420023,0,0,0,0,1,1,1,0,1,0
2420027,0,0,1,0,1,1,0,0,1,0
2420032,0,0,0,0,1,0,1,1,1,0
2420036,0,0,0,0,1,0,1,1,1,0
2420040,0,0,1,0,1,1,1,0,1,0
2420045,0,1,0,0,1,1,1,0,1,0
2420049,0,0,0,0,1,1,1,1,1,0
2420054,0,0,1,0,1,0,1,0,1,0
2430003,0,1,0,0,1,1,1,1,1,0
2430006,1,1,1,1,1,1,1,1,1,0
2430009,0,0,0,0,1,1,1,1,1,0
2430012,0,0,1,1,1,0,1,1,1,0
2430015,1,0,0,1,1,1,1,0,1,1
2430018,0,0,0,0,1,0,1,0,0,1
2430021,0,0,1,0,1,0,1,0,1,0
2430024,0,1,0,0,1,0,1,0,1,0
2430027,0,0,0,1,1,0,1,1,1,0
2430030,0,0,0,1,1,0,1,0,1,0
2430032,0,1,0,0,1,0,1,1,1,0
2430035,0,1,1,1,1,0,1,1,1,0
2440002,0,0,1,0,1,0,1,1,1,0
2440007,0,1,1,0,1,1,1,0,1,0
2440011,0,1,1,0,1,1,1,1,1,0
2440016,0,1,1,0,1,1,1,1,1,1
2440020,0,0,0,0,1,1,1,1,1,0
2440025,0,1,1,0,1,1,1,0,1,0
2440029,0,0,0,1,1,0,1,1,1,0
2440034,0,1,0,0,1,0,1,1,1,1
2440038,0,0,0,1,1,0,1,1,1,0
2440043,0,1,1,1,1,0,1,1,1,0
2440047,0,1,1,0,1,0,1,0,1,0
2440052,0,0,0,1,1,1,1,1,1,0
2440056,0,0,1,1,1,1,1,1,1,0
2450001,0,0,0,0,1,0,0,0,1,0
2450004,0,1,0,1,1,0,1,0,1,0
2450007,0,1,1,0,1,0,1,1,1,0
2450010,0,0,1,1,1,0,1,1,1,0
2450013,0,0,1,1,1,0,1,1,1,0
2450015,0,1,1,1,1,0,1,0,1,0
2450018,0,1,1,0,1,0,1,1,1,0
2450021,0,1,0,1,1,0,1,1,1,0
2450024,0,1,0,0,1,0,0,1,1,0
2450027,0,0,0,0,1,0,0,0,1,0
2450029,0,0,1,0,1,0,0,1,1,0
2450032,1,0,0,1,1,0,1,1,1,0
2450035,0,0,1,0,1,0,0,1,1,0
2460004,0,1,1,1,1,1,1,0,1,0
2460009,0,1,1,1,1,1,1,1,1,0
2460014,0,0,0,1,1,1,1,1,1,0
2460018,1,1,1,0,1,1,1,0,1,0
2460023,0,0,1,1,1,0,1,1,1,0
2460028,0,1,1,1,1,1,1,1,1,0
2460033,0,1,1,1,1,1,1,1,1,0
2460038,1,1,1,0,1,0,1,1,1,0
2460043,0,0,1,1,1,0,1,1,1,0
2460048,0,0,1,1,1,1,1,1,1,0
2460053,0,0,1,0,1,0,1,0,1,0
2460058,0,0,1,1,1,1,1,1,1,0
2470003,0,0,0,0,0,1,1,1,1,0
2470006,0,1,0,1,0,1,1,1,1,0
2470008,1,0,1,0,0,1,1,1,1,0
2470011,0,0,1,0,0,1,1,0,1,0
2470014,1,1,0,0,0,1,1,0,1,0
2470017,0,1,0,1,0,1,1,0,1,1
2470020,1,0,1,0,0,0,0,0,1,0
2470022,0,1,1,0,0,0,1,0,1,0
2470025,0,1,1,0,0,0,1,0,1,0
2470028,0,0,0,0,0,1,1,1,1,0
2470031,0,1,0,0,0,1,1,1,1,0
2470034,0,0,0,1,1,0,1,1,1,0
2480001,0,1,1,1,1,0,1,1,1,0
2480005,0,1,1,1,0,0,1,1,1,0
2480010,0,0,1,1,1,0,1,1,1,0
2480014,0,1,0,1,1,1,1,1,1,1
2480018,0,0,0,1,1,1,1,0,1,0
2480022,0,0,0,0,1,1,1,1,1,0
2480026,0,0,0,1,1,0,1,1,1,0
2480030,0,0,1,0,1,0,1,1,1,0
2480034,0,0,0,1,1,0,1,1,1,0
2480038,0,0,1,0,1,1,1,1,1,0
2480042,0,1,1,0,1,1,1,1,1,0
2480046,0,1,1,1,1,1,1,1,1,0
2480050,0,1,0,0,1,1,0,1,1,0
2490004,0,0,0,0,1,0,1,1,1,0
2490010,0,1,0,0,1,0,1,1,1,0
2490015,0,0,1,1,1,0,1,1,1,0
2490021,0,0,0,0,1,1,1,1,1,0
2490026,0,0,0,1,1,1,1,0,1,1
2490032,0,1,1,0,1,1,1,0,1,0
2490037,0,0,1,1,1,1,1,1,1,0
2490043,0,1,1,1,1,1,1,1,1,0
2490048,0,0,1,0,1,1,1,1,1,1
2490054,0,0,1,0,1,0,1,1,1,0
2490059,0,1,1,0,1,0,0,0,1,0
2490065,1,1,1,0,1,0,1,1,1,0
2500003,0,1,0,1,0,0,0,0,1,0
2500006,0,0,0,1,0,0,0,0,1,0
2500009,0,1,0,1,0,0,0,0,1,0
2500013,0,,0,1,0,0,1,1,1,0
2500016,0,1,0,1,0,0,0,0,1,0
2500022,0,0,0,1,0,0,0,0,1,0
2500029,0,0,0,1,1,1,1,0,1,1
2500032,0,0,0,0,0,0,0,0,1,0
2500035,0,0,0,0,0,0,0,0,1,0
2510003,0,0,0,0,0,0,0,0,1,0
2510007,0,1,1,1,0,0,0,0,1,0
2510015,0,1,0,1,1,0,0,0,1,1
2510019,0,0,0,1,0,0,0,0,1,0
2510027,0,0,1,0,0,0,1,0,1,0
2510031,0,0,0,0,0,0,0,0,1,0
2510043,0,1,0,1,0,0,0,0,1,0
2510046,0,1,0,1,0,0,0,0,1,0
2520002,0,0,0,0,0,0,0,0,1,0
2520012,0,0,1,0,0,0,0,0,1,0
2520017,0,0,0,0,0,0,0,0,0,0
2520021,0,0,0,0,0,0,0,0,1,0
2520026,0,0,0,0,0,0,0,0,1,0
2520031,0,0,0,0,0,0,0,0,0,0
2520035,0,1,0,0,0,0,0,0,1,0
2520040,0,0,0,0,0,0,0,0,1,0
2520050,1,1,0,0,0,0,0,0,1,0
2520059,0,0,1,0,1,0,0,1,1,0
2530004,0,0,0,1,0,0,1,0,1,0
2530008,0,0,1,1,0,0,1,0,1,0
2530012,0,0,0,1,0,0,1,0,1,1
2530017,0,0,0,0,0,0,1,0,1,0
2530021,1,0,0,0,0,0,1,0,1,0
2530025,0,,1,1,1,0,1,0,1,0
2530029,0,1,0,0,1,0,0,1,1,0
2530034,0,0,0,0,0,0,1,0,1,0
2530038,0,0,1,0,0,0,0,0,1,0
2530042,0,0,0,0,0,0,1,0,1,0
2530047,0,1,1,0,0,0,1,0,1,0
2540004,0,0,0,0,0,0,1,0,1,0
2540010,0,0,0,1,0,0,1,0,0,0
2540016,0,0,0,1,0,0,1,0,0,0
2540022,0,0,0,1,0,0,1,0,1,0
2540034,0,1,0,0,1,0,1,0,1,1
2540040,0,0,0,1,0,0,1,0,1,0
2540046,0,,0,1,0,0,1,0,0,1
2540052,0,1,0,0,0,0,1,0,1,0
2540058,0,1,0,0,0,0,1,0,1,0
2540064,0,0,0,0,0,0,1,0,1,0
2540069,0,1,1,0,0,0,1,0,1,0
2550001,0,0,0,0,0,0,1,0,1,0
2550005,0,1,1,1,0,0,1,0,1,0
2550011,0,1,0,0,0,0,1,0,1,0
2550020,,,0,1,0,0,1,0,0,0
2550023,0,0,0,0,0,0,1,0,1,0
2550026,0,0,0,0,0,0,1,0,1,0
2550029,0,0,0,0,0,0,1,0,0,0
2550033,0,0,0,1,1,0,1,0,1,0
2550036,0,1,0,0,0,0,1,0,1,0
2550039,0,,0,0,0,0,0,0,0,0
2560013,0,0,0,1,0,0,1,0,0,1
2560024,0,0,1,0,0,0,1,0,0,0
2560035,0,0,1,1,0,0,1,0,1,0
2560047,0,0,0,0,0,0,1,0,1,0
2560058,0,0,0,0,0,0,1,0,1,0
2560070,0,0,0,1,0,0,1,0,1,0
2560081,0,0,0,0,0,0,0,0,0,0
2560092,0,0,0,1,0,0,1,0,1,0
2560104,0,0,0,0,0,0,1,0,1,0
2560115,0,,0,1,0,0,1,0,1,0
2560126,0,0,0,0,0,0,1,0,0,0
2570009,0,1,0,0,0,0,1,0,1,0
2570013,0,0,0,0,0,0,1,0,0,0
2570017,0,0,0,1,1,0,1,0,0,0
2570021,0,0,0,1,1,0,1,0,0,0
2570029,0,0,0,1,0,0,1,0,1,0
2570034,0,1,0,1,0,0,0,0,1,0
2570038,0,0,0,1,0,0,0,0,1,0
2570042,0,1,0,0,0,0,1,0,1,0
2570046,0,1,1,0,0,0,0,0,1,0
2570050,0,1,0,1,0,0,1,0,1,0
2580003,0,0,0,0,0,0,0,0,1,0
2580006,0,1,0,0,0,0,0,0,1,0
2580009,0,0,0,0,0,0,1,0,1,0
2580012,0,0,0,0,1,1,0,0,1,1
2580015,0,1,0,0,1,1,0,0,1,0
2580018,0,0,0,0,0,0,0,0,1,0
2580021,0,1,0,0,0,0,0,0,1,0
2580024,0,1,1,0,0,0,0,0,1,0
2580027,0,0,0,0,0,0,0,0,1,0
2580030,1,1,1,0,0,0,0,0,1,0
2580032,0,0,1,0,0,0,1,0,1,0
2580035,0,1,0,0,0,0,0,0,0,0
2590002,1,0,0,0,1,0,0,0,1,0
2590008,0,1,0,0,1,0,1,0,1,1
2590014,0,1,1,0,1,0,1,0,1,0
2590019,0,0,0,0,1,0,0,0,1,0
2590025,0,0,0,0,1,0,0,0,1,0
2590030,0,0,0,0,1,0,0,0,1,0
2590036,0,0,0,0,1,0,0,0,1,0
2590042,0,1,0,0,1,0,1,0,1,0
2590047,0,0,0,0,1,0,1,0,1,0
2590053,0,0,0,0,1,0,1,1,1,0
2590064,0,1,1,0,1,0,1,0,1,0
2590070,0,0,0,1,1,0,1,0,1,1
2600003,0,1,0,0,0,0,0,0,1,0
2600005,1,0,1,0,0,0,0,0,1,0
2600007,0,1,0,0,0,0,0,0,1,0
2600010,0,0,1,0,0,0,0,0,1,0
2600012,0,1,0,0,0,0,0,0,1,0
2600015,0,1,0,0,0,0,0,0,1,0
2600017,0,0,0,1,1,0,1,1,1,0
2600019,1,0,1,0,0,0,0,0,1,0
2600024,0,0,0,1,0,0,0,0,1,0
2600027,0,0,1,0,0,0,0,0,1,0
2600029,0,1,0,0,0,0,0,0,1,0
2610002,0,1,1,0,0,0,1,0,1,0
2610004,1,0,1,1,0,0,1,0,1,0
2610006,1,1,1,1,0,0,1,0,1,0
2610008,0,0,1,1,0,0,1,0,1,0
2610010,0,1,1,0,0,0,1,0,1,0
2610012,1,1,1,0,0,0,1,0,1,0
2610014,0,1,1,0,0,0,0,0,1,0
2610016,0,1,0,0,0,0,0,0,1,0
2610018,0,1,0,0,0,0,0,0,1,0
2610020,0,1,0,0,0,0,1,0,1,0
2610022,0,1,1,0,0,0,1,0,1,0
2620001,0,1,0,0,0,0,0,0,1,0
2620004,0,1,1,0,0,0,0,0,1,0
2620007,0,1,0,0,0,0,0,0,1,0
2620009,0,1,0,0,0,0,1,0,1,0
2620012,0,1,1,0,0,0,1,0,1,0
2620014,0,1,1,0,0,0,1,0,1,0
2620017,0,1,0,0,0,0,1,1,1,0
2620019,0,1,0,0,0,0,1,0,1,0
2620024,0,1,1,1,0,0,1,0,1,0
2620027,0,1,1,0,0,0,1,0,1,0
2620030,1,1,1,0,0,0,1,0,1,0
2620032,0,0,0,0,0,0,1,0,1,0
2630001,1,0,0,0,1,0,0,1,1,0
2630005,0,0,0,1,1,1,1,0,1,1
2630008,0,0,0,0,1,0,1,1,0,0
2630012,0,0,0,0,1,0,0,1,1,0
2630015,0,1,0,0,1,0,0,1,1,0
2630022,0,0,0,0,1,1,1,1,1,0
2630029,0,0,0,0,1,0,1,1,1,0
2630032,0,0,0,0,1,0,0,0,1,0
2630036,1,1,1,0,1,0,0,1,1,0
2630039,0,0,0,0,1,0,0,0,1,0
2630043,0,0,0,1,1,0,0,1,1,0
2640001,0,1,0,1,1,1,0,1,1,0
2640007,0,0,0,0,1,0,0,0,1,0
2640012,0,0,1,1,1,0,0,0,1,0
2640017,0,0,0,1,1,0,0,0,1,1
2640022,0,0,0,1,1,0,0,0,1,0
2640027,1,1,0,1,1,0,0,0,1,0
2640032,0,0,0,1,1,0,0,0,1,1
2640037,0,0,0,1,1,0,0,0,1,0
2640042,0,0,0,1,1,0,0,0,1,1
2640047,0,0,0,0,0,0,1,0,1,0
2640053,0,0,0,0,0,0,1,0,1,0
2640058,0,1,1,1,1,0,0,0,1,0
2640063,0,0,0,0,1,0,0,0,1,0
2650001,0,0,0,0,0,0,1,0,1,0
2650004,0,1,1,1,0,0,1,0,1,0
2650007,0,1,0,1,0,1,1,0,1,0
2650009,0,0,0,1,0,0,0,0,1,0
2650012,0,1,0,0,0,0,0,0,1,0
2650015,0,0,0,0,0,0,0,0,1,0
2650017,0,1,1,1,0,0,1,0,1,0
2650020,0,0,1,0,0,0,0,0,1,0
2650023,0,1,0,1,0,0,1,0,1,0
2650028,0,0,0,0,0,0,0,0,1,0
2650030,0,0,0,1,0,0,0,0,1,0
2650033,0,0,0,0,1,0,0,0,1,1
2660001,0,0,0,1,0,0,1,0,1,0
2660004,0,0,0,0,0,0,0,0,1,0
2660007,0,0,0,0,0,0,0,0,1,0
2660010,1,0,0,0,0,0,0,0,1,0
2660013,0,0,0,1,0,0,1,0,1,0
2660018,0,1,0,0,0,0,0,0,1,0
2660021,0,0,0,1,0,0,1,0,1,0
2660024,0,0,0,1,0,0,1,0,1,0
2660027,0,0,0,0,0,0,0,1,1,0
2660029,0,0,0,1,0,0,0,1,1,0
2660032,0,1,0,0,0,0,0,0,1,0
2660035,0,0,0,0,1,0,0,0,1,0
2680003,1,1,0,1,0,1,1,0,1,0
2680005,1,0,1,0,0,0,1,0,1,0
2680008,0,0,0,0,0,0,0,0,1,0
2680010,1,1,0,1,0,1,1,1,1,0
2680013,0,1,1,0,0,0,1,0,1,0
2680015,0,0,0,0,1,1,1,0,1,0
2680018,0,1,0,1,0,0,0,0,1,0
2680020,0,0,0,0,1,0,0,0,1,0
2680022,0,1,0,0,0,0,0,0,1,0
2680025,0,0,0,0,0,0,1,0,1,0
2680027,0,0,0,0,0,0,1,0,1,0
2680030,0,1,0,0,0,0,1,0,1,0
2690001,0,0,0,1,1,0,1,0,1,0
2690003,0,1,0,0,1,0,1,0,1,0
2690005,0,1,0,1,1,0,1,0,1,0
2690007,0,0,0,1,1,0,1,0,1,0
2690009,0,0,0,1,1,0,1,0,1,0
2690011,0,1,0,1,1,0,1,0,1,0
2690013,1,0,1,0,1,0,1,0,1,0
2690015,0,0,1,1,1,0,1,0,1,0
2690017,1,1,1,1,1,0,1,0,1,0
2690019,0,0,1,0,1,0,1,0,1,0
2690021,0,0,1,0,1,1,1,0,1,0
2700003,1,1,1,0,1,0,1,1,1,0
2700007,0,1,1,1,1,0,1,1,1,0
2700010,0,1,0,1,1,0,1,0,1,0
2700013,0,0,1,1,1,0,1,1,1,0
2700017,1,1,1,0,1,0,1,1,1,0
2700020,0,0,0,1,1,0,1,1,1,0
2700024,0,1,1,1,1,0,0,1,1,0
2700027,0,1,1,0,1,0,0,1,1,0
2700031,0,1,1,0,1,0,0,1,1,0
2700034,0,0,1,0,1,0,0,0,1,0
2700038,1,1,1,0,1,0,0,1,1,0
2700041,0,1,1,0,1,0,0,0,1,0
2710001,0,0,1,0,0,1,1,0,1,0
2710006,1,1,1,0,0,0,1,0,1,0
2710011,0,1,1,1,0,1,1,1,1,0
2710016,0,0,0,1,1,1,1,0,1,0
2710021,1,1,0,0,0,0,1,0,1,0
2710025,0,1,0,0,1,0,1,0,1,0
2710030,0,0,0,0,1,0,1,1,1,1
2710035,1,0,0,0,0,0,0,1,1,0
2710040,1,0,0,0,0,0,1,0,1,0
2710045,0,0,1,0,0,0,0,0,1,0
2710049,0,0,1,0,0,0,0,0,1,0
2710054,0,0,0,1,0,0,1,0,1,0
2710059,0,1,0,1,0,1,1,0,1,0
2720001,0,1,0,0,0,1,1,0,1,0
2720004,1,1,1,0,0,0,1,0,1,0
2720006,0,1,1,0,0,0,1,0,1,0
2720008,1,0,1,1,1,1,1,1,1,0
2720010,0,0,1,1,0,0,1,0,1,0
2720012,0,0,0,0,0,0,0,0,1,0
2720014,0,0,0,1,0,0,0,0,1,0
2720017,1,1,1,0,0,0,0,0,1,0
2720019,0,1,0,1,0,0,0,0,1,0
2720021,0,0,0,0,1,1,1,0,1,0
2720023,0,1,0,0,1,1,1,0,1,0
2720025,0,1,0,0,0,0,1,0,1,0
2720027,0,1,1,0,0,0,0,0,1,0
2730001,1,1,1,0,0,0,0,0,1,0
2730004,0,0,1,0,0,0,0,0,1,0
2730006,0,1,0,0,1,0,0,1,1,0
2730008,0,1,1,0,0,0,1,0,1,0
2730010,1,1,1,0,0,0,1,0,1,0
2730012,0,0,0,0,1,0,1,1,0,0
2730014,0,1,1,1,1,0,1,0,1,0
2730017,0,1,1,1,0,0,1,0,1,0
2730019,1,0,1,1,1,0,1,0,1,0
2730021,0,1,1,0,0,0,1,0,1,0
2730023,0,1,1,0,0,0,1,0,1,0
2730025,1,1,1,1,0,0,1,0,1,0
2730027,0,0,0,0,1,0,1,0,1,0
2740003,0,,0,0,1,1,0,0,1,0
2740007,0,0,0,1,1,1,0,0,1,0
2740011,0,1,0,0,1,1,1,0,1,0
2740015,0,0,1,0,1,1,1,0,1,0
2740019,0,0,0,,1,1,1,0,1,0
2740023,0,1,0,0,1,1,1,0,1,0
2740026,1,0,1,0,1,0,1,1,1,0
2740030,0,0,0,0,1,1,1,1,0,0
2740034,1,1,0,0,1,1,1,0,1,0
2740038,0,0,1,1,1,0,0,1,1,0
2740042,0,0,1,0,1,0,0,1,1,0
2740046,0,1,0,1,1,0,0,0,1,0
2750003,0,1,1,1,1,0,1,1,1,0
2750006,0,1,1,0,1,0,1,1,1,0
2750009,0,1,1,1,1,0,1,1,1,0
2750011,0,1,0,0,1,0,1,1,1,1
2750014,0,1,1,1,1,0,1,1,1,0
2750017,0,1,0,0,1,0,1,1,1,1
2750020,0,0,0,1,1,0,1,0,1,1
2750023,1,1,1,0,1,0,1,1,1,0
2750026,0,1,1,1,1,0,1,1,1,0
2750029,0,1,1,0,1,0,1,1,1,0
2750032,0,1,0,1,1,0,1,1,1,1
2750035,0,1,1,0,1,1,1,0,1,0
2760001,0,1,0,1,1,0,1,1,1,0
2760005,1,1,1,1,1,1,1,0,1,0
2760008,1,1,1,0,1,0,1,0,1,0
2760011,0,1,0,1,1,0,0,0,1,0
2760015,0,0,1,1,1,0,0,0,1,0
2760018,1,0,0,1,1,0,0,0,1,0
2760021,0,,1,1,1,0,1,1,1,0
2760024,0,0,0,1,1,1,1,1,1,1
2760028,0,1,0,1,1,1,1,0,1,0
2760031,0,,0,1,1,0,1,0,1,1
2760034,0,0,1,1,1,0,1,0,1,0
2760037,1,1,0,0,1,0,0,0,1,0
2760041,1,0,0,0,1,0,0,0,1,0
2770003,0,1,1,0,1,1,1,1,1,0
2770005,0,1,0,0,1,1,1,1,1,0
2770008,0,0,0,1,1,0,1,1,1,0
2770011,0,0,0,1,1,0,1,1,1,0
2770014,0,0,0,1,1,1,1,1,1,0
2770016,1,1,0,0,1,1,1,1,1,0
2770019,1,1,1,0,1,1,1,0,1,0
2770022,0,1,1,0,1,1,1,1,1,0
2770025,0,0,1,0,1,1,1,1,1,0
2770027,0,0,0,1,1,0,0,1,1,0
2770030,0,0,0,0,1,0,0,0,1,0
2770033,0,0,0,1,1,0,1,0,1,0
2780001,0,1,0,0,1,1,1,1,1,0
2780006,0,1,1,1,1,1,1,1,1,0
2780010,1,0,1,0,1,1,1,1,1,0
2780014,0,0,1,0,1,0,1,0,1,0
2780018,0,0,1,0,1,0,1,0,1,1
2780022,0,0,0,0,1,0,0,1,1,0
2780026,1,1,1,0,1,0,1,0,1,0
2780031,0,0,1,0,1,0,1,1,1,0
2780035,1,1,1,0,1,0,1,0,1,0
2780039,0,0,0,0,1,0,0,1,1,0
2780043,0,1,1,0,1,0,1,1,1,0
2780047,0,1,0,0,1,1,1,1,1,0
2780051,0,1,0,1,1,0,1,1,1,0
2790001,0,0,1,0,1,0,0,0,1,0
2790003,0,1,0,0,1,0,0,0,1,0
2790005,0,1,0,0,0,0,0,0,1,0
2790007,0,1,1,0,1,0,1,0,1,0
2790009,1,1,1,1,1,0,1,0,1,0
2790011,0,0,1,0,1,1,1,0,1,0
2790013,0,1,0,0,1,0,1,1,1,0
2790015,1,0,0,0,1,0,1,0,1,0
2790017,0,0,0,0,1,0,1,0,1,0
2790019,0,1,1,0,1,1,0,0,1,0
2800001,0,0,0,0,1,0,0,1,1,0
2800004,0,0,0,0,1,0,0,1,1,0
2800007,0,0,0,0,1,0,1,1,1,0
2800009,0,1,1,0,1,0,1,0,1,0
2800012,0,0,0,1,1,0,1,1,1,0
2800014,0,0,0,0,1,0,1,0,1,0
2800017,0,1,0,0,1,0,0,0,1,0
2800019,0,1,0,0,1,0,0,0,1,0
2800022,0,,0,1,1,1,1,1,1,0
2800024,1,1,0,0,1,0,1,0,1,0
2800027,0,1,0,0,1,0,1,1,1,0
2800030,0,1,0,0,1,0,0,1,1,0
2800032,0,0,1,0,1,0,0,0,1,0
2810003,0,1,0,0,1,0,1,0,1,0
2810007,0,0,0,1,1,0,1,1,1,0
2810010,0,1,1,0,1,0,1,1,1,0
2810013,0,0,0,0,1,0,1,0,1,0
2810017,0,1,0,0,1,0,1,0,1,0
2810020,0,0,0,0,1,0,0,0,1,0
2810024,0,0,0,0,1,0,0,0,1,0
2810027,0,0,0,0,1,0,1,1,1,0
2810031,0,0,0,0,1,0,1,1,1,0
2810034,0,1,0,0,1,0,0,0,1,0
2810038,0,0,0,0,1,0,1,0,1,0
2810041,1,1,0,0,1,0,1,1,1,0
