hh_id,d_cm,d_nutr,d_satt,d_educ,d_elct,d_wtr,d_sani,d_hsg,d_ckfl,d_asst
104,,0.0,0,0.0,0,0,0,0,0,0
107,0.0,0.0,0,0.0,0,0,0,0,0,0
108,0.0,0.0,0,0.0,0,0,0,0,0,0
109,0.0,0.0,0,0.0,0,0,0,0,0,0
110,,0.0,0,0.0,0,0,0,0,0,0
112,0.0,0.0,0,0.0,0,0,0,0,0,0
113,,,0,0.0,0,0,0,1,0,0
114,0.0,0.0,0,0.0,0,0,0,1,0,0
115,0.0,0.0,0,0.0,0,0,0,0,0,0
116,0.0,0.0,0,0.0,0,0,0,1,0,0
117,0.0,,0,0.0,0,0,0,1,0,0
118,0.0,0.0,0,0.0,0,0,0,1,0,0
120,,0.0,0,0.0,0,0,0,1,0,0
201,0.0,0.0,0,0.0,0,0,0,1,0,0
202,0.0,0.0,0,0.0,0,0,0,1,0,0
203,0.0,0.0,0,0.0,0,0,0,0,0,0
204,0.0,0.0,0,0.0,0,0,0,1,0,0
205,0.0,0.0,0,0.0,0,0,0,1,0,0
206,0.0,0.0,0,0.0,0,0,0,0,0,0
207,0.0,0.0,0,0.0,0,0,0,1,0,0
208,0.0,0.0,0,0.0,0,0,0,1,0,0
209,0.0,0.0,0,0.0,0,0,0,0,0,0
210,0.0,0.0,0,0.0,0,0,0,1,0,0
211,0.0,0.0,0,0.0,0,0,0,0,0,0
212,0.0,,0,0.0,0,0,0,1,0,0
215,0.0,0.0,0,0.0,0,0,0,1,0,0
216,0.0,0.0,0,0.0,0,0,0,0,0,0
217,0.0,0.0,0,0.0,0,0,1,1,0,0
218,0.0,0.0,0,0.0,0,0,0,1,1,0
219,0.0,0.0,0,0.0,0,0,0,0,0,0
220,0.0,0.0,1,0.0,0,0,0,0,0,0
302,0.0,0.0,0,0.0,0,0,0,1,0,0
303,0.0,0.0,0,0.0,0,0,0,1,0,0
304,0.0,0.0,0,0.0,0,0,0,0,0,0
305,0.0,0.0,0,0.0,0,0,0,0,0,0
307,0.0,0.0,0,0.0,0,0,0,0,0,0
308,0.0,0.0,0,0.0,0,0,0,0,0,0
309,0.0,0.0,0,0.0,0,0,0,0,0,0
310,,0.0,0,0.0,0,0,0,1,0,0
311,0.0,0.0,0,0.0,0,0,0,0,0,0
312,0.0,0.0,0,0.0,0,0,0,1,0,0
313,0.0,0.0,0,0.0,0,0,0,1,0,0
314,0.0,0.0,0,0.0,0,0,0,1,0,0
316,0.0,0.0,0,0.0,0,0,0,1,0,0
317,0.0,0.0,0,0.0,0,0,0,1,0,0
318,0.0,0.0,0,0.0,0,0,0,0,0,0
319,0.0,0.0,0,0.0,0,0,0,1,1,0
320,0.0,0.0,0,0.0,0,0,0,1,0,0
401,0.0,0.0,0,0.0,0,0,0,1,0,0
402,0.0,0.0,0,0.0,0,0,0,0,0,0
403,0.0,0.0,0,0.0,0,0,0,0,0,0
404,0.0,0.0,0,0.0,0,0,0,1,0,0
405,0.0,0.0,0,0.0,0,0,0,0,0,0
406,0.0,0.0,0,0.0,0,0,0,0,0,0
409,0.0,0.0,0,0.0,0,0,0,0,0,0
411,0.0,0.0,0,0.0,0,0,0,1,0,0
412,0.0,0.0,0,0.0,1,0,1,1,0,1
415,0.0,0.0,0,0.0,0,0,0,1,0,0
416,0.0,0.0,0,0.0,0,0,0,1,0,0
417,0.0,0.0,0,1.0,0,0,0,0,0,0
501,0.0,0.0,0,0.0,0,0,0,0,1,0
502,0.0,0.0,0,0.0,0,0,0,0,0,0
503,0.0,0.0,0,0.0,0,0,0,0,0,0
504,0.0,0.0,0,0.0,0,0,0,1,1,0
505,0.0,0.0,0,0.0,0,0,0,0,0,0
506,0.0,0.0,0,0.0,0,0,0,0,0,0
507,0.0,0.0,0,0.0,0,0,0,0,0,0
508,0.0,0.0,1,0.0,0,0,0,0,0,0
509,0.0,0.0,0,0.0,0,0,0,1,0,0
511,0.0,0.0,0,0.0,0,0,0,0,0,0
512,0.0,0.0,0,0.0,0,0,0,0,0,0
513,0.0,0.0,0,0.0,0,0,0,1,0,0
514,0.0,0.0,0,0.0,0,0,0,0,0,0
515,0.0,0.0,0,0.0,0,0,0,0,0,0
516,0.0,0.0,0,0.0,0,0,0,1,1,0
517,0.0,0.0,0,0.0,0,0,0,0,0,0
518,0.0,0.0,0,0.0,0,0,0,1,0,0
519,0.0,0.0,0,0.0,0,0,0,0,0,0
520,0.0,0.0,0,0.0,0,0,0,0,0,0
602,0.0,0.0,0,0.0,0,0,1,0,0,0
603,0.0,0.0,0,0.0,0,0,0,0,0,0
604,0.0,0.0,0,0.0,0,0,0,0,0,0
606,0.0,0.0,0,0.0,0,0,0,0,0,0
607,0.0,0.0,0,0.0,0,0,0,0,0,0
608,0.0,0.0,0,0.0,0,0,1,0,0,0
609,0.0,0.0,0,0.0,0,0,1,1,1,0
610,0.0,0.0,0,0.0,0,0,0,1,0,0
611,0.0,0.0,0,0.0,0,0,0,0,0,0
612,0.0,0.0,0,0.0,0,0,0,0,0,0
613,0.0,0.0,0,0.0,0,0,0,0,0,0
614,0.0,0.0,0,0.0,0,0,0,1,0,1
615,0.0,0.0,0,0.0,0,0,0,0,0,0
616,0.0,0.0,0,0.0,0,0,0,0,0,0
617,0.0,0.0,0,0.0,0,0,1,1,0,0
618,0.0,0.0,0,0.0,0,0,0,0,0,0
619,0.0,0.0,0,0.0,0,0,0,0,0,0
620,0.0,0.0,0,0.0,0,0,0,1,0,0
701,0.0,1.0,0,0.0,0,0,0,1,0,0
702,0.0,0.0,0,0.0,0,0,0,0,0,0
703,0.0,0.0,0,0.0,0,0,0,0,0,0
704,0.0,0.0,0,0.0,0,0,0,0,0,0
705,0.0,0.0,0,0.0,0,0,0,0,0,0
707,0.0,0.0,0,0.0,0,0,0,0,0,0
708,0.0,0.0,0,0.0,0,0,0,1,0,0
709,0.0,0.0,0,0.0,0,0,0,0,0,0
710,0.0,0.0,0,0.0,0,0,1,0,0,0
711,,0.0,0,0.0,0,0,0,0,0,0
712,0.0,0.0,0,0.0,0,0,0,0,0,0
713,0.0,0.0,0,0.0,0,0,0,1,0,0
714,0.0,0.0,0,0.0,0,0,0,1,0,0
715,0.0,0.0,0,0.0,0,0,1,0,0,0
716,0.0,0.0,0,0.0,0,0,1,0,0,0
717,0.0,0.0,0,0.0,0,0,0,0,0,0
718,0.0,0.0,0,0.0,0,0,0,0,0,0
719,0.0,0.0,0,0.0,0,0,0,0,0,0
801,0.0,0.0,0,0.0,0,0,0,0,0,0
802,0.0,0.0,0,0.0,0,0,0,0,0,0
803,0.0,0.0,1,0.0,0,0,0,1,0,0
804,0.0,0.0,0,0.0,0,0,0,0,0,0
805,0.0,0.0,0,0.0,0,0,0,0,0,0
806,0.0,0.0,0,0.0,0,0,0,0,0,0
808,0.0,0.0,0,0.0,0,0,0,0,0,0
809,0.0,0.0,0,0.0,0,0,0,0,0,0
811,0.0,0.0,0,0.0,0,0,0,0,0,0
812,0.0,0.0,0,0.0,0,0,0,0,0,0
814,0.0,0.0,0,0.0,0,0,0,0,0,0
815,0.0,0.0,0,0.0,0,0,0,0,0,0
816,0.0,0.0,0,0.0,0,0,0,1,0,0
817,0.0,0.0,0,0.0,0,0,0,1,0,0
818,0.0,0.0,0,0.0,0,0,0,1,0,0
819,0.0,0.0,0,0.0,0,0,0,1,0,0
820,0.0,0.0,0,0.0,0,0,0,1,0,0
902,0.0,0.0,0,0.0,0,0,0,1,0,0
903,0.0,0.0,0,0.0,0,0,0,0,0,0
904,0.0,0.0,0,0.0,0,0,0,1,0,0
905,0.0,0.0,0,0.0,0,0,0,0,0,0
906,0.0,0.0,0,0.0,0,0,0,0,0,0
907,0.0,0.0,0,0.0,0,0,0,0,0,0
908,0.0,0.0,0,0.0,0,0,0,0,0,0
909,0.0,0.0,0,1.0,0,0,0,0,0,0
910,0.0,0.0,0,0.0,0,0,0,0,0,0
911,0.0,0.0,0,0.0,0,0,0,1,0,0
912,0.0,0.0,0,0.0,0,0,0,0,0,0
913,0.0,0.0,0,0.0,0,0,0,1,0,0
914,1.0,0.0,0,0.0,0,0,0,1,0,0
916,0.0,0.0,0,0.0,0,0,0,0,0,0
917,0.0,0.0,0,0.0,0,0,0,0,0,0
918,0.0,0.0,0,0.0,0,0,0,1,0,0
919,0.0,0.0,0,0.0,0,0,0,1,0,0
920,0.0,0.0,0,0.0,0,0,0,1,0,0
1001,0.0,0.0,0,0.0,0,0,0,0,0,0
1002,0.0,0.0,0,0.0,0,0,0,1,0,0
1003,0.0,0.0,0,0.0,0,0,0,0,0,0
1004,0.0,0.0,0,0.0,0,0,0,0,0,0
1005,0.0,0.0,0,0.0,0,0,0,1,0,0
1007,0.0,0.0,1,0.0,0,0,0,1,0,0
1008,0.0,0.0,0,0.0,0,0,1,0,0,0
1009,0.0,0.0,0,0.0,0,0,0,1,0,0
1010,0.0,0.0,0,0.0,0,0,0,0,0,0
1011,0.0,0.0,0,0.0,0,0,0,1,0,0
1012,0.0,0.0,0,0.0,0,0,0,1,0,0
1013,0.0,0.0,0,0.0,0,0,0,1,0,0
1014,0.0,0.0,0,0.0,0,0,0,1,0,0
1015,0.0,0.0,0,0.0,0,0,0,1,0,0
1016,0.0,0.0,0,0.0,0,0,0,0,1,1
1017,0.0,0.0,0,0.0,0,0,1,1,0,0
1018,0.0,0.0,0,0.0,0,0,0,0,0,0
1019,0.0,0.0,0,0.0,0,0,0,1,0,0
1020,0.0,0.0,0,0.0,0,0,0,1,0,0
1101,0.0,0.0,0,0.0,0,0,0,1,0,0
1102,0.0,0.0,0,0.0,0,0,0,0,0,0
1103,0.0,0.0,0,0.0,0,0,0,0,0,0
1104,0.0,0.0,0,0.0,1,0,0,1,1,1
1105,0.0,0.0,0,0.0,0,0,0,1,0,0
1106,0.0,0.0,0,0.0,0,0,0,1,0,0
1107,0.0,1.0,0,0.0,0,0,0,1,0,0
1108,0.0,0.0,0,0.0,0,0,0,1,0,0
1109,0.0,0.0,0,0.0,0,0,0,1,0,0
1110,0.0,0.0,0,0.0,0,0,0,0,0,0
1111,0.0,0.0,0,0.0,0,0,0,0,0,0
1112,0.0,0.0,0,0.0,0,0,1,1,0,0
1113,0.0,0.0,0,0.0,0,0,0,0,0,0
1114,0.0,0.0,0,0.0,0,0,0,0,0,0
1115,0.0,0.0,0,0.0,0,0,0,0,0,0
1116,0.0,0.0,0,0.0,0,0,0,0,0,0
1117,0.0,0.0,0,0.0,0,0,0,1,0,0
1118,0.0,0.0,0,0.0,0,0,0,0,0,0
1119,0.0,0.0,0,0.0,0,0,0,0,0,0
1120,0.0,0.0,0,0.0,0,0,0,0,0,0
1201,0.0,0.0,0,0.0,0,0,0,0,0,0
1202,0.0,0.0,0,0.0,0,0,1,0,0,0
1203,0.0,0.0,0,0.0,0,0,0,0,0,0
1204,0.0,0.0,0,0.0,0,0,0,0,0,0
1205,0.0,0.0,0,0.0,0,0,0,0,1,0
1206,0.0,0.0,0,0.0,0,0,0,0,0,0
1207,0.0,0.0,0,0.0,0,0,0,0,1,0
1208,0.0,0.0,0,0.0,0,0,0,1,0,0
1209,0.0,0.0,0,0.0,0,0,1,1,0,0
1210,0.0,0.0,0,0.0,0,0,0,1,0,0
1211,0.0,0.0,0,0.0,0,0,0,0,0,0
1212,0.0,0.0,0,0.0,0,0,0,1,0,0
1213,0.0,0.0,0,0.0,0,0,0,1,0,0
1214,0.0,0.0,0,0.0,0,0,0,1,0,0
1215,0.0,0.0,0,0.0,0,0,0,1,0,0
1216,,0.0,0,0.0,0,0,0,0,0,0
1217,0.0,0.0,0,0.0,0,0,0,1,0,0
1218,0.0,0.0,0,0.0,0,0,0,0,1,0
1219,0.0,0.0,0,0.0,0,0,0,0,0,0
1220,0.0,0.0,0,0.0,0,0,0,0,0,0
1301,0.0,0.0,0,0.0,0,0,0,0,0,0
1302,0.0,0.0,0,0.0,0,0,0,1,0,0
1303,0.0,0.0,0,0.0,0,0,0,1,0,0
1304,0.0,0.0,0,0.0,0,0,0,0,0,0
1305,0.0,0.0,0,0.0,0,0,0,0,0,0
1306,0.0,0.0,0,0.0,0,0,0,1,0,0
1307,0.0,0.0,0,0.0,0,0,0,0,0,0
1308,0.0,0.0,0,0.0,0,0,0,0,0,0
1309,0.0,0.0,0,0.0,0,0,0,0,0,0
1310,0.0,0.0,0,0.0,0,0,0,0,1,0
1311,0.0,0.0,0,0.0,0,0,0,1,0,0
1312,0.0,0.0,1,0.0,0,0,0,0,1,0
1313,0.0,0.0,0,0.0,0,0,0,1,0,0
1314,0.0,0.0,0,0.0,0,0,0,0,0,0
1315,0.0,0.0,0,0.0,0,0,0,0,0,0
1316,0.0,0.0,0,0.0,0,0,0,0,0,0
1317,0.0,0.0,0,0.0,0,0,0,0,0,0
1318,0.0,0.0,0,0.0,0,0,0,1,0,0
1319,0.0,0.0,0,0.0,0,0,0,0,0,0
1320,0.0,0.0,0,0.0,0,0,0,1,0,0
1401,0.0,0.0,0,0.0,0,0,0,0,0,0
1402,0.0,0.0,0,0.0,0,0,0,0,0,0
1403,0.0,0.0,0,0.0,0,0,0,0,0,0
1404,0.0,0.0,0,0.0,0,0,0,0,0,0
1406,0.0,0.0,0,0.0,0,0,0,1,0,0
1407,0.0,0.0,0,0.0,0,0,0,0,0,0
1408,0.0,0.0,0,0.0,0,0,0,0,0,0
1409,0.0,0.0,0,0.0,0,0,0,0,0,0
1411,0.0,0.0,0,0.0,0,0,0,0,0,0
1412,0.0,0.0,0,0.0,0,0,0,0,0,0
1413,0.0,0.0,0,0.0,0,0,0,0,0,0
1414,0.0,0.0,0,0.0,0,0,0,1,0,0
1415,0.0,0.0,0,0.0,0,0,0,0,0,0
1416,0.0,0.0,0,0.0,0,0,0,1,0,0
1417,0.0,0.0,0,0.0,0,0,0,1,0,0
1418,0.0,0.0,0,0.0,0,0,0,0,0,0
1419,0.0,0.0,0,0.0,0,0,0,0,0,0
1420,0.0,0.0,0,0.0,0,0,0,0,0,0
1501,0.0,0.0,0,0.0,0,0,0,0,0,0
1502,0.0,1.0,0,0.0,0,0,0,0,0,0
1503,0.0,0.0,0,0.0,0,0,0,0,0,0
1504,0.0,0.0,0,0.0,0,0,0,1,0,0
1506,0.0,0.0,0,0.0,0,0,0,1,0,0
1507,0.0,0.0,0,0.0,0,0,0,0,0,0
1509,0.0,0.0,0,0.0,0,0,0,0,0,0
1510,0.0,0.0,1,0.0,0,0,0,0,0,0
1511,0.0,0.0,0,0.0,0,0,0,0,0,0
1512,0.0,0.0,0,0.0,0,0,0,0,0,0
1513,0.0,0.0,0,0.0,0,0,0,0,0,0
1514,0.0,0.0,0,0.0,0,0,0,0,0,0
1515,0.0,0.0,0,0.0,0,0,0,0,0,0
1516,0.0,0.0,0,0.0,0,0,0,0,0,0
1517,0.0,0.0,0,0.0,0,0,0,1,0,0
1518,0.0,0.0,0,0.0,0,0,0,0,0,0
1519,0.0,0.0,0,0.0,0,0,0,0,0,0
1520,0.0,0.0,0,0.0,0,0,0,0,0,0
1602,0.0,0.0,0,0.0,0,0,0,0,0,0
1603,0.0,0.0,0,0.0,0,0,0,1,0,0
1604,0.0,0.0,0,0.0,0,0,0,0,0,0
1605,0.0,0.0,0,0.0,0,0,0,0,0,0
1606,0.0,0.0,0,0.0,0,0,0,0,0,0
1607,0.0,0.0,0,0.0,0,0,0,0,1,0
1608,0.0,,0,0.0,0,0,0,0,0,0
1610,0.0,0.0,0,0.0,0,0,0,0,0,0
1611,0.0,0.0,0,0.0,0,0,0,1,0,0
1612,0.0,0.0,0,0.0,0,0,0,0,0,0
1613,0.0,0.0,0,0.0,0,0,1,0,0,0
1614,0.0,0.0,0,0.0,0,0,0,0,0,0
1615,0.0,0.0,0,0.0,0,0,0,0,0,0
1616,0.0,0.0,0,0.0,0,0,0,0,0,0
1617,0.0,0.0,0,0.0,0,0,0,0,1,0
1618,0.0,0.0,0,0.0,0,0,0,0,0,0
1619,0.0,0.0,0,0.0,0,0,0,0,0,0
1620,0.0,0.0,0,0.0,0,0,0,0,0,0
1701,0.0,0.0,0,0.0,0,0,1,0,0,0
1702,0.0,0.0,0,0.0,0,0,0,0,0,0
1703,0.0,0.0,0,0.0,0,0,0,0,0,0
1704,0.0,0.0,0,0.0,0,0,0,0,0,0
1705,0.0,0.0,0,0.0,0,0,0,0,0,0
1706,0.0,0.0,0,0.0,0,0,0,0,0,0
1707,0.0,0.0,0,0.0,0,0,0,1,0,0
1708,0.0,0.0,0,0.0,0,0,0,1,0,0
1709,,0.0,0,0.0,0,0,0,1,0,0
1710,0.0,0.0,0,0.0,0,0,0,1,0,0
1711,0.0,0.0,0,0.0,0,0,0,0,0,0
1712,0.0,0.0,0,0.0,0,0,0,1,0,0
1713,0.0,0.0,0,0.0,0,0,0,1,0,0
1714,0.0,0.0,0,0.0,0,0,0,1,0,0
1715,0.0,0.0,0,0.0,0,0,0,1,0,0
1716,0.0,0.0,0,0.0,0,0,0,0,0,0
1717,0.0,0.0,0,0.0,0,0,0,0,0,0
1718,0.0,0.0,0,0.0,0,0,0,0,0,0
1720,0.0,0.0,0,0.0,0,0,0,0,0,0
1801,0.0,0.0,0,0.0,0,0,0,0,0,0
1802,0.0,0.0,0,0.0,0,0,0,0,0,0
1803,0.0,0.0,0,0.0,0,0,0,0,0,0
1805,0.0,0.0,0,0.0,0,0,0,1,0,0
1806,0.0,0.0,0,0.0,0,0,0,0,0,0
1807,0.0,0.0,0,0.0,0,0,0,0,0,0
1808,0.0,0.0,0,0.0,0,0,0,1,0,0
1809,0.0,0.0,0,0.0,0,0,0,1,0,0
1810,0.0,0.0,0,0.0,0,0,0,1,0,0
1811,0.0,0.0,0,0.0,0,0,0,0,0,0
1812,0.0,0.0,0,0.0,0,0,0,0,0,0
1814,0.0,0.0,0,0.0,0,0,0,1,0,0
1816,0.0,0.0,0,0.0,0,0,0,0,0,0
1818,0.0,0.0,0,0.0,0,0,0,0,0,0
1819,0.0,0.0,1,0.0,0,0,0,0,0,0
1820,0.0,0.0,0,0.0,0,0,0,1,0,0
1901,0.0,0.0,0,0.0,0,0,0,1,0,0
1902,0.0,0.0,0,0.0,1,0,0,0,0,0
1903,0.0,0.0,0,0.0,0,0,0,1,0,0
1904,0.0,0.0,0,0.0,0,0,0,1,0,0
1905,0.0,1.0,0,0.0,0,0,0,0,0,0
1906,0.0,0.0,0,0.0,0,0,0,0,0,0
1908,0.0,0.0,0,0.0,0,0,0,1,0,0
1909,0.0,0.0,0,0.0,0,0,0,1,0,0
1910,0.0,0.0,0,0.0,0,0,0,0,0,0
1911,0.0,0.0,0,0.0,0,0,0,1,0,0
1912,0.0,0.0,0,0.0,0,0,0,0,0,0
1913,0.0,0.0,0,0.0,0,0,0,0,0,0
1914,0.0,0.0,0,0.0,0,0,0,0,0,0
1915,0.0,0.0,0,0.0,0,0,0,1,0,0
1916,0.0,0.0,1,0.0,0,0,0,0,0,0
1917,0.0,0.0,0,0.0,0,0,0,0,0,0
1918,0.0,0.0,0,0.0,0,0,0,0,0,0
1919,0.0,0.0,0,0.0,0,0,0,0,0,0
1920,0.0,0.0,0,0.0,0,0,0,0,0,0
2001,0.0,0.0,0,0.0,0,0,0,0,0,0
2002,1.0,0.0,0,0.0,0,0,0,0,0,0
2003,0.0,0.0,0,0.0,0,0,0,0,0,0
2004,0.0,0.0,0,0.0,0,0,0,0,0,0
2005,,,0,0.0,0,0,0,1,1,0
2006,0.0,0.0,0,0.0,0,0,0,0,0,0
2007,0.0,0.0,0,0.0,0,0,0,1,1,0
2008,0.0,0.0,0,0.0,0,0,0,0,0,0
2009,0.0,0.0,0,0.0,0,0,0,0,0,0
2010,0.0,0.0,0,0.0,0,0,0,1,0,0
2011,0.0,0.0,0,0.0,0,0,0,0,0,0
2012,0.0,0.0,0,0.0,0,0,0,0,0,0
2013,0.0,0.0,0,0.0,0,0,0,0,0,0
2014,0.0,0.0,0,0.0,1,0,1,1,0,1
2015,0.0,0.0,1,0.0,0,0,0,1,0,0
2016,0.0,0.0,0,0.0,0,0,0,1,1,0
2017,0.0,0.0,0,0.0,0,0,0,0,0,0
2018,0.0,0.0,0,0.0,0,0,0,1,0,0
2019,0.0,0.0,0,0.0,0,0,0,0,0,0
2020,0.0,0.0,0,0.0,0,0,0,1,0,0
2101,0.0,0.0,0,0.0,0,0,0,0,0,0
2102,0.0,0.0,0,0.0,0,0,0,0,0,0
2103,0.0,0.0,0,0.0,1,0,0,1,0,1
2104,0.0,0.0,0,0.0,0,0,0,0,0,0
2105,0.0,0.0,0,0.0,0,0,0,1,0,0
2107,0.0,0.0,0,0.0,0,0,0,1,0,0
2108,0.0,0.0,0,0.0,0,0,1,1,0,0
2109,0.0,0.0,0,0.0,0,0,0,0,0,0
2110,0.0,0.0,0,0.0,0,0,0,1,0,0
2111,0.0,0.0,0,0.0,0,0,0,0,0,0
2112,0.0,0.0,0,0.0,0,0,0,1,1,0
2113,0.0,0.0,0,0.0,0,0,0,0,0,0
2114,0.0,0.0,0,0.0,0,0,0,1,0,0
2116,0.0,0.0,0,0.0,0,0,0,0,0,0
2117,0.0,0.0,0,0.0,0,0,0,0,0,0
2118,0.0,0.0,0,0.0,0,0,0,0,0,0
2119,0.0,0.0,0,0.0,0,0,0,1,0,0
2120,0.0,0.0,0,0.0,0,0,0,0,0,0
2201,0.0,0.0,0,0.0,0,0,0,1,0,0
2202,,0.0,0,0.0,0,0,0,1,0,0
2203,0.0,0.0,0,0.0,0,0,0,1,0,0
2204,0.0,0.0,0,0.0,0,0,0,1,0,0
2205,0.0,0.0,0,0.0,0,0,0,1,0,0
2206,0.0,0.0,0,0.0,0,0,0,0,0,0
2207,0.0,0.0,0,0.0,0,0,0,0,0,0
2208,0.0,0.0,0,0.0,0,0,0,0,0,0
2209,0.0,0.0,0,0.0,0,0,0,1,1,0
2210,0.0,,0,0.0,0,0,0,1,0,0
2211,0.0,0.0,0,0.0,0,0,0,0,0,0
2212,0.0,0.0,0,0.0,0,0,0,1,0,0
2213,,0.0,1,0.0,0,0,0,1,0,0
2214,0.0,0.0,0,0.0,0,0,1,1,1,0
2215,0.0,0.0,1,0.0,0,0,0,0,0,0
2216,0.0,0.0,0,0.0,0,0,1,0,0,0
2217,1.0,,0,0.0,0,0,0,0,0,0
2219,0.0,0.0,0,0.0,0,0,0,1,1,0
2220,0.0,0.0,0,0.0,0,0,0,0,0,0
2301,0.0,0.0,0,0.0,0,0,0,0,0,0
2302,0.0,0.0,0,0.0,0,0,0,1,0,0
2303,0.0,0.0,0,0.0,0,0,0,1,0,0
2304,0.0,0.0,0,0.0,0,0,0,0,0,0
2305,0.0,0.0,0,0.0,0,0,0,0,0,0
2306,0.0,0.0,0,0.0,0,0,0,0,1,0
2307,0.0,0.0,0,0.0,0,0,0,0,0,0
2308,0.0,0.0,0,0.0,0,0,0,0,0,0
2309,0.0,0.0,0,0.0,0,0,0,1,0,1
2310,0.0,0.0,0,0.0,0,0,0,0,0,0
2311,0.0,0.0,0,0.0,0,0,0,1,0,0
2312,0.0,0.0,0,0.0,0,0,0,0,0,0
2313,0.0,,0,0.0,0,0,0,0,0,0
2314,0.0,0.0,0,0.0,0,0,0,1,0,0
2316,0.0,0.0,0,0.0,0,0,0,0,0,0
2317,0.0,0.0,0,0.0,0,0,0,1,0,0
2319,0.0,0.0,0,0.0,0,0,0,0,0,0
2320,0.0,0.0,0,0.0,0,0,0,1,0,0
2401,0.0,0.0,0,0.0,0,0,0,0,0,0
2402,0.0,0.0,0,0.0,0,0,0,1,0,0
2403,0.0,0.0,0,0.0,0,0,0,0,0,0
2404,0.0,0.0,0,0.0,0,0,0,0,0,0
2405,0.0,0.0,0,0.0,0,0,0,0,0,0
2406,0.0,0.0,0,0.0,0,0,0,1,0,0
2407,0.0,0.0,0,0.0,0,0,0,1,0,0
2408,0.0,0.0,0,0.0,0,0,0,1,0,0
2409,0.0,0.0,0,0.0,0,0,0,0,0,0
2410,0.0,0.0,0,0.0,0,0,0,0,0,0
2411,0.0,0.0,0,0.0,0,0,0,0,0,0
2412,0.0,0.0,0,0.0,0,0,0,0,0,0
2413,0.0,0.0,0,0.0,0,0,0,0,0,0
2414,0.0,0.0,0,0.0,0,0,0,0,0,0
2416,0.0,0.0,0,0.0,0,0,0,1,0,0
2417,0.0,0.0,0,0.0,0,0,0,0,0,0
2418,0.0,0.0,0,0.0,0,0,0,0,1,0
2419,0.0,0.0,0,0.0,0,0,0,0,0,0
2420,0.0,0.0,0,0.0,0,0,0,1,0,0
2501,0.0,0.0,0,0.0,0,0,0,1,0,0
2502,0.0,0.0,0,0.0,0,0,0,1,0,0
2504,0.0,0.0,0,0.0,0,0,0,0,0,0
2505,,0.0,0,0.0,0,0,0,1,0,0
2506,0.0,0.0,0,0.0,0,0,0,1,0,0
2507,0.0,0.0,0,0.0,0,0,0,0,1,0
2508,0.0,,0,0.0,0,0,0,1,0,0
2509,0.0,0.0,0,0.0,0,0,0,0,0,0
2510,0.0,0.0,0,0.0,0,0,0,0,0,0
2511,0.0,0.0,0,0.0,0,0,0,0,0,0
2512,0.0,0.0,0,0.0,0,0,0,1,0,0
2513,0.0,0.0,0,0.0,0,0,0,1,0,0
2514,,0.0,0,0.0,0,0,0,1,0,0
2515,,0.0,0,0.0,0,0,0,1,0,0
2517,0.0,,0,0.0,0,0,0,0,0,0
2518,0.0,0.0,0,0.0,0,0,0,0,0,0
2519,0.0,0.0,0,0.0,0,0,1,1,0,0
2520,0.0,0.0,0,0.0,0,0,0,0,0,0
2601,0.0,0.0,0,0.0,0,0,0,0,0,0
2602,0.0,0.0,0,0.0,0,0,0,1,0,0
2603,0.0,0.0,0,0.0,0,0,0,1,0,0
2604,0.0,0.0,0,0.0,0,0,0,0,0,0
2605,0.0,0.0,0,0.0,0,0,0,0,0,0
2606,0.0,0.0,0,0.0,0,0,1,1,0,0
2607,0.0,0.0,0,0.0,0,0,0,0,0,0
2608,0.0,0.0,0,0.0,0,0,0,1,0,0
2609,0.0,0.0,0,0.0,0,0,0,0,1,0
2610,0.0,0.0,0,0.0,0,0,0,1,0,0
2611,0.0,0.0,0,0.0,0,0,0,1,0,0
2612,0.0,0.0,0,0.0,0,0,0,0,0,0
2613,0.0,0.0,0,0.0,0,0,0,0,0,0
2614,1.0,0.0,0,0.0,0,0,0,1,0,0
2615,0.0,0.0,0,0.0,0,0,0,0,0,0
2616,0.0,0.0,0,0.0,0,0,0,0,0,0
2617,0.0,0.0,0,0.0,0,0,0,0,0,0
2618,0.0,0.0,0,0.0,0,0,0,1,0,0
2619,0.0,0.0,0,0.0,0,0,0,0,0,0
2620,0.0,0.0,0,0.0,0,0,0,0,1,0
2701,0.0,0.0,0,0.0,0,0,0,0,0,0
2702,0.0,0.0,0,0.0,0,0,0,1,0,0
2703,0.0,0.0,0,0.0,0,0,0,0,0,0
2704,0.0,0.0,0,0.0,0,0,0,0,0,0
2705,0.0,0.0,0,0.0,0,0,0,0,0,0
2706,0.0,0.0,0,0.0,0,0,0,0,0,0
2707,0.0,0.0,1,0.0,0,0,0,1,0,0
2708,0.0,0.0,0,0.0,0,0,0,0,0,0
2710,0.0,0.0,0,0.0,0,0,0,0,0,0
2711,0.0,0.0,0,0.0,0,0,0,1,0,0
2712,0.0,0.0,0,0.0,0,0,0,0,0,0
2713,0.0,,1,0.0,0,0,0,0,0,0
2714,0.0,0.0,0,0.0,0,0,1,1,0,0
2715,0.0,0.0,0,0.0,0,0,0,1,0,0
2716,0.0,0.0,0,0.0,0,0,0,1,0,0
2717,0.0,0.0,0,0.0,0,0,0,1,0,0
2718,0.0,0.0,0,0.0,0,0,0,1,0,0
2719,0.0,0.0,0,0.0,0,0,0,0,0,0
2720,0.0,0.0,0,0.0,0,0,0,0,0,0
2801,0.0,0.0,0,0.0,0,0,0,0,0,0
2802,0.0,0.0,0,0.0,0,0,0,0,0,0
2803,0.0,0.0,0,0.0,0,0,0,0,0,0
2804,0.0,0.0,0,0.0,0,0,0,0,0,0
2805,0.0,0.0,0,0.0,0,0,0,1,0,0
2806,0.0,0.0,0,0.0,0,0,0,1,0,0
2807,0.0,0.0,0,0.0,0,0,0,0,0,0
2808,0.0,0.0,0,0.0,0,0,0,0,0,0
2809,0.0,0.0,0,0.0,0,0,0,1,0,0
2810,0.0,0.0,0,0.0,0,0,0,0,0,0
2811,0.0,0.0,0,0.0,0,0,0,1,0,0
2812,0.0,0.0,0,0.0,0,0,0,1,0,0
2813,0.0,0.0,0,0.0,0,0,0,0,0,0
2814,0.0,0.0,0,0.0,0,0,0,1,0,0
2815,0.0,0.0,0,0.0,0,0,1,0,0,0
2816,0.0,0.0,0,0.0,0,0,0,0,0,0
2817,0.0,0.0,0,0.0,0,0,0,1,0,0
2820,0.0,0.0,0,0.0,0,0,0,0,0,0
2901,0.0,0.0,0,0.0,0,0,0,1,0,0
2902,0.0,0.0,0,0.0,0,0,0,0,0,0
2903,0.0,0.0,0,0.0,0,0,0,0,0,0
2904,0.0,0.0,0,0.0,0,0,0,1,0,0
2905,0.0,0.0,0,0.0,0,0,0,1,0,0
2906,0.0,0.0,0,0.0,0,0,0,0,0,0
2907,0.0,0.0,0,0.0,0,0,0,1,0,0
2908,0.0,0.0,0,0.0,0,0,0,1,0,0
2909,0.0,0.0,0,0.0,0,0,0,0,0,0
2910,0.0,0.0,0,0.0,0,0,0,0,0,0
2911,0.0,0.0,0,0.0,0,0,0,0,1,0
2912,0.0,0.0,0,0.0,0,0,0,0,0,0
2914,0.0,0.0,0,0.0,0,0,0,0,0,0
2915,0.0,0.0,0,0.0,0,0,0,0,0,0
2916,0.0,0.0,0,0.0,0,0,0,1,0,0
2918,0.0,0.0,0,0.0,0,0,0,1,0,0
2919,0.0,0.0,0,0.0,0,0,0,0,0,0
2920,0.0,0.0,0,0.0,0,0,0,0,0,0
3001,0.0,0.0,0,0.0,0,0,0,1,0,0
3002,0.0,0.0,0,0.0,0,0,0,0,0,0
3003,0.0,0.0,0,0.0,0,0,0,1,0,0
3004,0.0,0.0,0,0.0,0,0,0,0,0,0
3005,0.0,0.0,0,0.0,0,0,0,0,0,0
3006,0.0,0.0,0,0.0,0,0,0,0,0,0
3007,0.0,0.0,0,0.0,0,0,0,0,0,0
3008,0.0,0.0,0,0.0,0,0,0,0,1,0
3009,0.0,0.0,0,0.0,0,0,0,0,0,0
3010,0.0,0.0,0,0.0,0,0,0,0,0,0
3011,0.0,0.0,0,0.0,0,0,1,1,0,0
3012,0.0,0.0,0,0.0,0,0,0,1,0,0
3013,0.0,0.0,1,0.0,0,0,0,1,0,0
3014,0.0,0.0,0,0.0,0,0,0,1,0,0
3015,0.0,0.0,0,0.0,0,0,0,1,0,0
3016,0.0,0.0,0,0.0,0,0,0,1,0,0
3017,0.0,0.0,0,0.0,0,0,0,1,0,0
3018,0.0,0.0,0,0.0,0,0,0,0,0,0
3019,0.0,0.0,0,0.0,0,0,1,0,0,0
3020,0.0,0.0,0,0.0,0,0,0,0,0,0
3101,0.0,0.0,0,0.0,0,1,0,1,0,0
3102,0.0,0.0,0,0.0,0,0,0,1,0,0
3103,0.0,0.0,0,0.0,0,0,1,0,0,1
3104,0.0,0.0,0,0.0,0,0,0,1,0,0
3106,0.0,0.0,0,0.0,0,0,0,0,0,0
3107,0.0,0.0,0,0.0,0,0,1,1,0,0
3108,0.0,0.0,0,0.0,0,0,1,0,0,0
3109,0.0,0.0,0,0.0,0,0,0,0,0,0
3110,0.0,0.0,0,0.0,0,0,0,1,0,0
3111,0.0,0.0,0,0.0,0,1,0,1,0,0
3112,0.0,0.0,0,0.0,0,1,0,1,1,0
3113,0.0,0.0,0,0.0,0,0,0,1,0,0
3114,0.0,0.0,0,0.0,0,0,0,1,0,0
3115,0.0,0.0,0,0.0,0,0,0,1,0,0
3116,0.0,0.0,0,0.0,0,0,0,1,0,0
3117,0.0,0.0,0,0.0,0,0,0,1,1,0
3119,0.0,0.0,1,0.0,0,0,0,1,0,0
3120,0.0,1.0,0,0.0,0,1,0,1,0,0
3201,0.0,0.0,0,0.0,0,0,0,0,0,0
3202,0.0,0.0,1,0.0,0,0,0,1,0,0
3203,0.0,0.0,0,0.0,0,0,0,0,0,0
3204,0.0,0.0,0,0.0,0,0,0,0,0,0
3205,0.0,0.0,0,0.0,0,0,0,0,0,0
3206,0.0,0.0,0,0.0,0,0,0,0,0,0
3207,0.0,0.0,0,0.0,0,0,0,0,0,0
3208,0.0,0.0,0,0.0,0,0,0,0,0,0
3209,0.0,0.0,0,0.0,0,0,0,1,0,0
3210,0.0,0.0,0,0.0,0,0,0,1,0,0
3211,0.0,0.0,0,0.0,0,0,0,1,0,0
3212,0.0,0.0,0,0.0,0,0,0,1,0,0
3214,0.0,0.0,0,0.0,0,0,0,1,0,0
3215,0.0,0.0,0,0.0,0,0,0,0,0,0
3216,0.0,0.0,0,0.0,0,0,0,1,0,0
3217,0.0,0.0,0,0.0,0,0,0,1,0,0
3218,0.0,0.0,0,0.0,0,0,0,0,0,0
3219,0.0,0.0,0,0.0,0,0,0,1,0,0
3220,0.0,0.0,0,0.0,0,0,0,1,0,0
3301,0.0,0.0,0,0.0,0,0,0,0,0,0
3302,0.0,0.0,0,0.0,0,0,0,0,0,0
3306,0.0,0.0,0,0.0,0,0,0,1,1,0
3308,0.0,0.0,0,0.0,0,0,0,0,0,0
3310,0.0,0.0,0,0.0,0,0,0,1,0,0
3311,0.0,0.0,0,0.0,0,0,0,0,0,0
3313,0.0,0.0,0,0.0,0,0,0,1,0,0
3314,0.0,0.0,0,1.0,0,0,0,1,0,0
3315,0.0,0.0,0,0.0,1,0,0,1,1,0
3317,0.0,0.0,0,0.0,0,0,1,0,0,0
3318,0.0,0.0,0,0.0,0,0,0,1,0,0
3320,0.0,0.0,0,0.0,0,0,0,1,0,0
3401,0.0,0.0,0,0.0,0,0,0,1,0,0
3402,0.0,0.0,0,0.0,0,0,0,0,0,0
3403,0.0,0.0,0,0.0,0,0,0,1,0,0
3404,0.0,0.0,0,0.0,0,0,0,1,0,0
3405,0.0,0.0,0,0.0,0,0,0,0,0,0
3406,1.0,0.0,0,0.0,1,0,0,0,0,0
3407,0.0,0.0,0,0.0,0,0,0,0,0,0
3408,0.0,0.0,0,0.0,0,0,0,0,0,0
3409,0.0,0.0,0,0.0,0,0,0,1,0,0
3410,0.0,0.0,0,0.0,0,0,0,1,0,0
3414,0.0,0.0,0,0.0,0,0,0,1,0,0
3417,0.0,0.0,0,0.0,0,0,0,0,0,0
3418,0.0,0.0,0,0.0,0,0,0,0,0,0
3419,0.0,0.0,0,0.0,0,0,0,0,0,0
3420,0.0,0.0,0,0.0,0,0,0,1,0,0
3501,0.0,0.0,0,0.0,0,0,0,0,0,0
3502,0.0,0.0,0,0.0,0,0,0,0,0,0
3503,0.0,0.0,0,0.0,0,0,0,0,0,0
3504,0.0,0.0,1,0.0,0,0,0,0,0,0
3505,0.0,0.0,0,0.0,0,0,0,0,0,0
3506,0.0,0.0,0,0.0,0,0,0,0,0,0
3507,0.0,1.0,0,0.0,0,0,0,0,0,0
3508,0.0,0.0,0,0.0,0,0,0,0,0,0
3509,0.0,0.0,0,0.0,0,0,0,0,0,0
3510,0.0,1.0,0,0.0,0,0,0,0,0,0
3511,0.0,0.0,0,0.0,0,0,0,1,0,0
3512,0.0,1.0,0,0.0,0,0,0,1,0,0
3513,0.0,0.0,0,0.0,0,0,0,0,0,0
3514,0.0,0.0,0,0.0,0,0,0,0,0,1
3515,0.0,0.0,0,0.0,0,0,0,1,0,0
3516,0.0,0.0,0,0.0,0,0,0,1,0,1
3517,0.0,0.0,0,0.0,0,0,0,0,0,0
3519,0.0,0.0,0,0.0,0,0,0,0,0,0
3520,0.0,0.0,0,0.0,0,0,0,1,0,1
3601,0.0,0.0,0,0.0,0,0,1,1,1,0
3602,0.0,0.0,0,0.0,0,0,0,0,0,0
3604,0.0,0.0,0,0.0,0,0,0,0,0,0
3605,0.0,0.0,0,0.0,0,0,0,0,0,0
3606,0.0,0.0,0,0.0,0,0,0,1,0,0
3608,0.0,0.0,0,0.0,0,0,1,1,0,0
3609,0.0,0.0,0,0.0,0,0,0,0,0,0
3611,0.0,0.0,0,0.0,0,0,0,0,0,0
3612,,0.0,0,0.0,0,0,0,1,0,0
3613,0.0,0.0,0,0.0,0,0,0,0,0,0
3614,0.0,0.0,0,0.0,0,0,0,0,0,0
3615,0.0,0.0,0,0.0,0,0,0,0,0,0
3616,0.0,0.0,0,0.0,0,0,0,0,0,0
3617,0.0,0.0,0,0.0,0,0,0,1,0,0
3618,0.0,0.0,0,0.0,0,0,0,0,0,0
3619,0.0,0.0,0,0.0,0,0,0,0,0,0
3620,0.0,0.0,0,0.0,0,0,0,1,0,0
3701,0.0,0.0,0,0.0,0,0,0,0,0,0
3702,0.0,0.0,0,0.0,1,1,1,1,0,1
3704,0.0,0.0,0,0.0,0,0,0,0,0,0
3705,0.0,0.0,0,0.0,1,1,0,1,0,0
3706,0.0,0.0,1,0.0,0,0,0,1,0,0
3707,0.0,0.0,0,0.0,0,0,0,0,0,0
3708,0.0,0.0,1,0.0,0,0,0,1,0,0
3709,0.0,0.0,0,0.0,0,0,0,0,0,0
3710,0.0,0.0,0,0.0,0,0,0,0,0,0
3711,0.0,0.0,0,0.0,0,0,0,0,0,0
3715,0.0,0.0,0,0.0,0,0,0,0,0,0
3716,0.0,0.0,0,0.0,0,0,0,1,0,0
3717,0.0,0.0,0,0.0,0,0,0,1,0,0
3718,0.0,0.0,0,0.0,1,0,0,1,0,0
3719,0.0,0.0,1,0.0,0,0,0,1,0,0
3720,0.0,0.0,0,0.0,0,0,0,1,1,1
3801,0.0,0.0,0,0.0,0,0,0,0,0,0
3804,0.0,0.0,0,0.0,0,0,0,0,0,0
3805,0.0,0.0,0,0.0,0,0,0,0,0,0
3806,0.0,0.0,0,0.0,0,0,1,1,0,0
3807,0.0,0.0,0,0.0,0,0,1,0,0,0
3808,,0.0,0,0.0,0,0,0,0,0,0
3809,0.0,0.0,0,0.0,0,0,0,0,0,0
3810,0.0,0.0,0,0.0,0,0,0,0,0,0
3811,,0.0,1,0.0,0,0,0,0,0,0
3812,0.0,0.0,0,0.0,0,0,0,0,0,0
3813,0.0,0.0,0,0.0,0,0,0,0,0,0
3814,0.0,0.0,0,0.0,0,0,0,0,0,0
3815,0.0,0.0,0,0.0,0,0,0,1,0,0
3816,0.0,0.0,0,0.0,0,0,0,0,0,0
3817,0.0,0.0,0,0.0,0,0,1,1,0,0
3819,0.0,0.0,0,0.0,1,0,1,1,0,1
3820,0.0,0.0,0,0.0,1,0,0,1,0,0
3901,0.0,0.0,0,0.0,0,0,0,0,0,0
3902,0.0,0.0,1,0.0,0,0,0,0,1,0
3903,0.0,0.0,0,0.0,0,0,0,0,0,0
3904,0.0,0.0,0,0.0,0,0,0,0,0,0
3905,0.0,0.0,0,0.0,0,0,0,0,0,0
3906,0.0,0.0,0,0.0,0,0,1,0,0,0
3907,0.0,0.0,0,0.0,0,0,0,0,0,0
3908,0.0,0.0,0,0.0,0,0,0,0,0,0
3909,0.0,0.0,0,0.0,0,0,0,1,0,0
3910,0.0,0.0,0,0.0,0,0,0,0,0,0
3911,0.0,0.0,0,0.0,0,0,0,0,0,0
3912,0.0,0.0,0,0.0,0,0,0,1,0,0
3913,0.0,0.0,0,0.0,0,0,0,0,0,0
3914,0.0,0.0,0,0.0,0,0,0,0,0,0
3915,0.0,0.0,0,0.0,0,0,1,0,0,0
3916,0.0,0.0,0,0.0,0,0,0,0,0,0
3917,0.0,0.0,0,0.0,0,0,0,1,0,0
3918,0.0,0.0,0,0.0,0,0,0,1,0,0
3919,0.0,0.0,0,0.0,0,0,0,1,0,0
3920,0.0,0.0,0,0.0,0,0,0,1,0,0
4001,0.0,0.0,0,0.0,0,0,1,0,0,0
4002,0.0,0.0,0,1.0,0,0,1,0,1,0
4003,0.0,0.0,0,0.0,0,0,0,0,0,0
4004,0.0,0.0,0,,0,0,1,1,0,0
4005,,0.0,0,0.0,0,0,0,0,0,0
4007,0.0,0.0,0,0.0,0,0,0,0,0,0
4008,0.0,0.0,0,0.0,0,0,0,1,0,0
4009,0.0,0.0,0,0.0,0,0,1,1,0,0
4010,0.0,0.0,0,0.0,0,0,0,0,0,0
4011,0.0,0.0,0,0.0,0,0,0,1,0,0
4012,0.0,0.0,0,0.0,0,0,1,0,0,0
4013,0.0,0.0,0,0.0,0,0,1,0,0,0
4014,0.0,0.0,1,0.0,0,0,0,1,0,0
4015,0.0,0.0,0,0.0,0,0,0,1,0,0
4016,0.0,0.0,0,0.0,0,0,0,1,0,0
4017,0.0,0.0,0,0.0,0,0,0,1,1,0
4018,0.0,0.0,0,0.0,0,1,0,1,0,0
4019,0.0,0.0,0,0.0,0,0,0,1,0,0
4102,0.0,0.0,0,0.0,0,0,0,1,1,0
4103,0.0,0.0,0,0.0,0,0,0,0,0,0
4104,0.0,0.0,0,0.0,0,0,0,1,0,0
4106,0.0,0.0,0,0.0,0,0,0,1,0,0
4107,0.0,0.0,0,0.0,0,0,0,0,0,0
4108,0.0,0.0,0,0.0,0,0,0,0,0,0
4109,0.0,0.0,0,0.0,0,0,0,0,0,0
4110,0.0,0.0,0,0.0,0,0,0,1,0,0
4111,0.0,0.0,0,0.0,0,0,0,0,0,0
4112,0.0,0.0,0,0.0,0,0,0,0,0,0
4114,0.0,0.0,0,0.0,0,0,0,0,0,0
4115,0.0,0.0,0,0.0,0,0,0,0,0,0
4116,0.0,0.0,0,0.0,0,0,0,1,0,0
4117,0.0,0.0,0,0.0,0,0,0,0,0,0
4118,0.0,0.0,0,0.0,0,0,0,1,0,0
4119,0.0,0.0,0,0.0,0,0,0,0,0,0
4120,0.0,0.0,0,0.0,0,0,0,0,0,0
4203,0.0,0.0,0,0.0,0,0,0,0,1,0
4204,0.0,0.0,0,0.0,0,0,0,0,0,0
4205,0.0,0.0,0,0.0,0,0,0,1,1,0
4206,0.0,0.0,0,0.0,0,0,0,0,1,0
4207,0.0,0.0,0,0.0,0,0,0,1,0,0
4208,0.0,0.0,0,0.0,0,0,0,0,0,0
4209,0.0,0.0,0,0.0,0,0,0,0,1,0
4210,0.0,0.0,0,0.0,0,0,0,0,0,0
4212,0.0,,0,0.0,0,0,0,1,1,0
4213,0.0,0.0,0,0.0,0,0,0,1,0,0
4214,0.0,0.0,0,0.0,0,0,0,1,0,0
4215,0.0,0.0,0,0.0,0,0,0,0,1,0
4216,0.0,0.0,0,0.0,0,0,0,0,0,0
4218,0.0,0.0,0,0.0,0,0,0,1,0,0
4219,,0.0,0,0.0,0,0,0,0,0,0
4220,0.0,0.0,0,0.0,0,0,0,0,0,0
4301,0.0,0.0,0,0.0,0,0,1,1,0,0
4302,0.0,0.0,1,1.0,0,0,0,1,0,0
4303,0.0,0.0,0,0.0,0,0,0,0,0,0
4304,0.0,0.0,0,0.0,0,0,0,1,0,0
4305,0.0,0.0,0,0.0,0,0,0,0,0,0
4306,0.0,0.0,0,0.0,1,0,0,1,0,1
4307,0.0,0.0,0,0.0,0,0,1,1,0,0
4308,0.0,0.0,0,0.0,0,0,0,1,0,0
4309,0.0,0.0,0,0.0,0,0,0,1,0,0
4310,0.0,0.0,0,0.0,0,0,0,1,0,0
4311,,,0,0.0,0,0,0,0,0,0
4312,0.0,0.0,0,0.0,0,0,0,1,0,0
4313,0.0,0.0,0,0.0,0,0,0,0,0,0
4314,0.0,0.0,0,0.0,0,0,0,1,0,0
4315,0.0,0.0,0,0.0,0,0,0,0,0,0
4316,0.0,0.0,0,0.0,0,0,0,1,0,0
4317,0.0,0.0,0,0.0,0,0,0,0,0,0
4318,0.0,0.0,0,0.0,0,0,0,0,0,0
4319,0.0,,0,0.0,0,0,0,0,0,0
4320,0.0,0.0,0,0.0,0,0,0,1,0,0
4401,0.0,0.0,0,0.0,0,0,0,0,0,0
4402,0.0,0.0,0,0.0,0,0,0,1,1,0
4403,0.0,0.0,0,0.0,0,0,0,0,0,0
4404,0.0,0.0,0,0.0,0,0,0,0,0,0
4405,0.0,0.0,0,0.0,0,0,0,1,0,0
4406,0.0,0.0,0,0.0,0,0,1,1,0,0
4407,0.0,0.0,0,0.0,0,0,0,0,1,0
4408,0.0,0.0,0,0.0,0,0,0,1,1,0
4409,0.0,0.0,1,0.0,0,0,0,1,1,0
4411,0.0,0.0,0,0.0,0,0,0,1,0,0
4412,0.0,0.0,0,0.0,0,0,0,0,0,0
4413,0.0,0.0,0,0.0,0,0,0,1,0,0
4414,0.0,0.0,0,0.0,0,0,0,0,0,0
4415,0.0,0.0,0,0.0,0,0,0,0,0,1
4416,0.0,0.0,0,0.0,0,0,0,0,0,0
4417,0.0,0.0,0,0.0,0,0,0,0,0,0
4418,0.0,0.0,0,0.0,0,0,0,0,0,0
4419,0.0,0.0,0,0.0,0,0,0,0,0,0
4420,0.0,0.0,0,0.0,0,0,0,1,0,0
4501,0.0,0.0,0,0.0,0,0,0,1,0,0
4502,0.0,0.0,0,0.0,0,0,0,1,0,0
4503,0.0,,0,0.0,0,0,0,1,0,0
4504,0.0,0.0,0,0.0,0,0,0,1,0,0
4505,0.0,0.0,0,0.0,0,0,0,0,0,0
4506,0.0,0.0,0,0.0,0,0,0,0,0,0
4507,0.0,,0,0.0,0,0,0,0,0,0
4508,0.0,0.0,0,0.0,0,0,0,0,0,0
4509,0.0,0.0,0,0.0,0,0,0,1,0,0
4510,0.0,0.0,0,0.0,0,0,0,1,0,0
4511,0.0,0.0,0,0.0,0,0,0,1,0,1
4512,0.0,0.0,0,0.0,0,0,0,0,0,0
4513,0.0,0.0,0,0.0,0,0,0,1,0,0
4514,0.0,,0,0.0,0,0,0,0,1,0
4516,0.0,0.0,1,0.0,0,0,0,0,0,0
4517,0.0,0.0,0,0.0,0,0,0,0,0,0
4518,0.0,0.0,0,0.0,0,0,0,0,1,0
4519,0.0,0.0,0,0.0,0,0,0,1,1,0
4520,0.0,0.0,0,0.0,0,0,0,0,1,0
4601,0.0,0.0,0,0.0,0,0,0,0,0,0
4602,0.0,0.0,0,0.0,0,0,1,0,0,0
4603,0.0,0.0,0,0.0,0,0,0,0,1,0
4604,0.0,0.0,0,0.0,0,0,0,0,0,0
4605,0.0,0.0,0,0.0,0,0,1,1,0,1
4606,1.0,0.0,0,0.0,0,0,0,1,0,0
4607,0.0,0.0,1,0.0,0,0,1,0,0,0
4608,1.0,0.0,1,0.0,0,0,0,1,0,0
4609,0.0,0.0,0,0.0,0,0,0,0,0,0
4610,0.0,0.0,0,0.0,0,0,0,1,0,0
4612,0.0,0.0,1,0.0,0,0,0,0,0,0
4613,0.0,0.0,0,0.0,0,0,0,1,0,0
4614,0.0,0.0,0,0.0,0,0,0,0,1,0
4615,0.0,0.0,0,0.0,0,0,0,0,0,0
4616,0.0,0.0,0,0.0,0,0,0,0,0,0
4617,0.0,0.0,0,0.0,0,0,0,0,0,0
4618,0.0,0.0,0,0.0,0,0,0,1,0,0
4619,0.0,0.0,0,0.0,0,0,0,0,0,0
4620,0.0,0.0,0,0.0,0,0,0,1,0,0
4701,0.0,0.0,0,0.0,0,0,0,1,0,0
4702,0.0,0.0,0,0.0,0,0,0,1,0,0
4703,0.0,0.0,0,0.0,0,0,0,1,0,0
4704,0.0,0.0,0,0.0,0,0,1,0,0,0
4705,0.0,0.0,0,0.0,0,1,1,0,0,0
4706,0.0,0.0,0,0.0,0,0,0,0,0,0
4707,0.0,0.0,0,0.0,0,0,0,1,0,0
4708,0.0,0.0,0,0.0,0,0,0,0,0,0
4709,0.0,0.0,0,0.0,0,0,0,0,0,0
4710,0.0,0.0,0,0.0,0,0,0,1,0,0
4711,0.0,0.0,0,0.0,0,0,0,0,0,0
4712,0.0,0.0,0,0.0,0,0,0,0,0,0
4713,0.0,0.0,0,0.0,0,0,0,0,0,0
4715,0.0,0.0,0,0.0,0,0,0,1,0,0
4716,0.0,0.0,0,0.0,0,0,0,0,0,0
4717,0.0,0.0,0,0.0,0,0,1,0,0,0
4718,0.0,0.0,0,0.0,0,0,0,1,0,0
4719,,0.0,0,0.0,0,0,0,0,0,0
4720,0.0,0.0,0,0.0,0,0,0,0,0,0
4802,0.0,0.0,0,0.0,0,0,0,1,0,0
4803,0.0,0.0,0,0.0,0,0,0,1,0,0
4804,0.0,0.0,0,0.0,0,0,0,0,0,0
4805,0.0,0.0,0,0.0,0,0,0,0,0,0
4806,0.0,0.0,0,0.0,0,0,0,0,0,0
4807,0.0,0.0,0,0.0,0,0,0,0,0,0
4808,0.0,0.0,0,0.0,0,0,0,0,0,0
4812,0.0,0.0,0,0.0,0,0,0,0,0,0
4813,0.0,0.0,0,0.0,0,0,0,1,0,0
4814,0.0,0.0,0,0.0,0,0,0,1,0,0
4815,0.0,0.0,0,0.0,0,0,0,0,0,0
4816,0.0,0.0,1,0.0,0,0,0,1,0,0
4817,0.0,0.0,0,0.0,0,0,0,0,0,0
4818,0.0,0.0,0,0.0,0,0,0,0,0,0
4819,0.0,0.0,0,0.0,0,0,0,1,0,0
4820,0.0,0.0,0,0.0,0,0,0,0,0,0
4901,0.0,0.0,0,0.0,0,0,0,0,0,0
4902,0.0,0.0,1,0.0,0,0,0,1,0,0
4903,1.0,0.0,0,0.0,0,1,0,0,0,0
4904,0.0,0.0,0,0.0,0,0,0,0,0,0
4905,0.0,0.0,0,0.0,0,0,0,0,0,0
4906,0.0,0.0,0,0.0,0,0,0,0,0,0
4907,0.0,0.0,0,0.0,0,0,0,0,0,0
4908,0.0,0.0,1,0.0,0,0,0,0,0,0
4910,0.0,0.0,0,0.0,0,0,0,1,0,0
4911,0.0,0.0,0,0.0,0,0,1,1,0,0
4912,0.0,0.0,0,0.0,0,0,0,0,0,0
4913,0.0,0.0,0,0.0,0,0,1,1,0,0
4914,0.0,0.0,1,0.0,0,0,0,0,0,0
4915,0.0,0.0,0,0.0,0,0,0,0,0,0
4916,0.0,0.0,0,0.0,0,0,1,0,0,0
4917,0.0,0.0,0,0.0,0,0,1,1,0,0
4918,0.0,0.0,0,0.0,0,0,0,1,0,0
4919,0.0,0.0,0,0.0,0,1,0,1,0,0
4920,0.0,0.0,0,0.0,0,0,0,1,1,0
5001,0.0,0.0,0,0.0,0,0,0,0,0,0
5002,0.0,0.0,0,0.0,0,0,0,0,1,0
5003,0.0,0.0,0,0.0,0,0,0,0,0,0
5004,0.0,0.0,0,0.0,0,0,0,0,0,0
5005,0.0,0.0,0,0.0,0,0,0,0,0,0
5006,0.0,0.0,0,0.0,0,0,1,1,1,0
5007,0.0,,0,0.0,0,0,0,1,0,0
5008,0.0,0.0,0,0.0,0,0,0,0,0,0
5009,0.0,0.0,0,0.0,0,0,1,0,0,0
5010,0.0,0.0,0,0.0,0,0,0,0,1,0
5011,0.0,0.0,0,0.0,0,0,1,1,0,0
5012,0.0,0.0,0,0.0,0,0,0,0,0,0
5013,0.0,0.0,0,0.0,0,0,0,1,0,0
5014,0.0,0.0,0,0.0,0,0,0,0,0,0
5015,0.0,0.0,0,0.0,0,0,0,1,0,0
5016,0.0,0.0,0,0.0,0,0,1,1,0,0
5017,0.0,0.0,0,0.0,0,0,0,0,0,0
5019,0.0,0.0,0,0.0,0,0,0,0,0,0
5020,0.0,0.0,0,0.0,0,0,0,0,0,0
5101,0.0,0.0,0,0.0,0,0,0,0,0,0
5102,0.0,0.0,0,0.0,0,0,0,0,0,0
5103,0.0,0.0,0,0.0,0,0,0,0,0,0
5104,0.0,0.0,0,0.0,0,0,0,1,0,0
5105,0.0,0.0,0,0.0,0,0,0,0,1,0
5106,0.0,0.0,0,0.0,0,0,0,0,0,0
5107,0.0,0.0,0,0.0,0,0,0,1,0,0
5109,,0.0,0,0.0,0,0,0,1,0,0
5110,0.0,0.0,0,0.0,0,0,0,1,0,0
5111,0.0,0.0,0,0.0,0,0,0,1,1,0
5113,0.0,0.0,0,0.0,0,0,0,0,0,0
5114,0.0,0.0,0,0.0,0,0,0,1,0,0
5115,0.0,0.0,0,0.0,0,0,0,0,0,0
5116,0.0,0.0,0,0.0,0,0,0,0,0,0
5117,0.0,0.0,0,0.0,0,0,0,0,0,0
5118,0.0,0.0,0,0.0,0,0,0,0,0,0
5119,0.0,0.0,0,0.0,0,0,0,0,0,0
5120,0.0,0.0,0,0.0,0,0,0,0,0,0
5201,0.0,0.0,0,0.0,0,0,0,1,0,0
5202,0.0,0.0,0,0.0,0,0,0,0,0,0
5203,0.0,0.0,0,0.0,0,0,0,0,1,0
5204,0.0,0.0,0,0.0,0,0,0,0,0,0
5205,0.0,0.0,0,0.0,0,0,0,0,0,0
5206,0.0,0.0,0,0.0,0,0,0,0,0,0
5207,0.0,,0,0.0,0,0,0,0,0,0
5208,0.0,0.0,0,0.0,0,0,0,0,0,0
5209,0.0,0.0,0,0.0,0,0,0,0,1,0
5210,0.0,0.0,0,0.0,0,0,0,0,0,0
5211,0.0,0.0,0,0.0,0,0,0,0,0,0
5212,0.0,0.0,0,0.0,0,0,0,0,0,0
5213,0.0,0.0,0,0.0,0,0,0,1,0,0
5214,0.0,0.0,0,0.0,0,0,0,0,0,0
5215,0.0,0.0,0,0.0,0,0,0,0,0,0
5216,0.0,0.0,0,0.0,0,0,1,0,0,1
5217,0.0,0.0,0,0.0,0,0,0,1,0,0
5301,0.0,0.0,0,0.0,0,0,0,0,0,0
5302,0.0,0.0,0,0.0,0,0,0,0,1,0
5303,0.0,0.0,0,0.0,0,0,0,0,0,0
5304,0.0,0.0,0,0.0,0,0,0,0,1,0
5305,0.0,0.0,0,0.0,0,0,0,0,0,0
5306,0.0,0.0,0,0.0,0,0,0,0,0,0
5307,0.0,0.0,0,0.0,0,0,0,1,0,0
5309,0.0,0.0,0,0.0,0,0,1,1,0,0
5311,0.0,0.0,1,0.0,0,0,0,1,0,0
5312,0.0,0.0,0,0.0,0,0,1,0,0,0
5313,0.0,0.0,0,0.0,0,0,0,0,0,0
5314,0.0,0.0,0,0.0,0,0,0,0,0,0
5315,0.0,0.0,0,0.0,1,0,1,1,1,1
5316,0.0,0.0,0,0.0,0,0,0,0,0,0
5317,0.0,0.0,0,0.0,0,0,0,1,0,0
5318,0.0,0.0,0,0.0,1,0,0,1,0,0
5319,0.0,0.0,0,0.0,0,0,0,0,0,0
5320,0.0,0.0,0,0.0,0,0,0,0,0,0
5402,0.0,0.0,0,0.0,0,0,0,0,0,0
5403,0.0,0.0,0,0.0,0,0,1,0,1,0
5404,0.0,0.0,1,0.0,0,0,1,0,1,0
5405,0.0,0.0,0,0.0,0,0,0,0,0,0
5406,0.0,0.0,0,0.0,0,0,0,0,1,0
5407,0.0,0.0,0,0.0,0,0,0,1,0,0
5408,0.0,0.0,0,0.0,0,0,0,0,0,0
5409,0.0,0.0,0,0.0,0,0,0,1,1,0
5410,0.0,0.0,0,0.0,0,0,0,0,0,0
5411,0.0,,0,0.0,0,0,0,1,0,0
5412,0.0,0.0,0,0.0,0,0,0,1,0,0
5413,0.0,0.0,0,0.0,0,0,1,0,0,0
5414,0.0,0.0,0,0.0,0,0,0,0,1,0
5415,0.0,0.0,0,0.0,0,0,0,1,0,1
5416,0.0,0.0,0,0.0,0,0,0,1,0,0
5417,0.0,0.0,0,0.0,0,0,0,1,0,0
5418,0.0,0.0,0,0.0,0,0,0,1,0,0
5419,0.0,0.0,0,0.0,0,0,0,0,1,0
5420,0.0,0.0,0,0.0,0,0,0,1,0,0
5501,0.0,0.0,0,0.0,0,0,0,0,0,0
5502,0.0,0.0,0,0.0,0,0,0,0,0,0
5503,0.0,0.0,0,0.0,0,0,0,0,1,0
5504,0.0,0.0,0,0.0,0,0,0,0,0,0
5505,0.0,0.0,0,0.0,0,0,0,0,0,0
5506,0.0,0.0,0,0.0,0,0,0,1,0,0
5507,0.0,0.0,0,0.0,0,0,0,0,0,0
5508,0.0,0.0,0,0.0,0,0,0,0,0,0
5509,0.0,0.0,0,1.0,1,0,0,1,1,0
5510,0.0,0.0,0,0.0,0,0,0,0,0,0
5511,0.0,0.0,0,0.0,0,0,0,0,0,0
5512,0.0,0.0,0,0.0,0,0,0,0,0,0
5513,0.0,0.0,0,0.0,0,0,0,0,0,0
5514,0.0,0.0,0,0.0,0,0,0,0,0,0
5515,0.0,0.0,0,0.0,0,0,0,0,0,0
5516,0.0,0.0,0,0.0,0,0,0,1,1,0
5517,0.0,0.0,0,0.0,0,0,0,0,0,0
5518,0.0,0.0,0,0.0,0,0,0,0,0,0
5519,0.0,0.0,1,0.0,0,0,0,0,0,0
5520,0.0,0.0,0,1.0,0,0,0,0,0,0
5601,1.0,0.0,0,0.0,0,0,0,0,1,0
5602,0.0,0.0,0,0.0,0,0,0,1,0,0
5604,0.0,0.0,0,0.0,0,0,0,0,1,0
5605,0.0,0.0,0,0.0,0,0,0,1,0,0
5606,0.0,0.0,1,0.0,0,0,0,0,1,0
5607,0.0,0.0,0,0.0,0,0,0,1,0,0
5609,0.0,0.0,0,0.0,0,0,0,0,0,0
5610,0.0,0.0,0,0.0,0,0,0,0,1,0
5611,0.0,0.0,1,0.0,0,0,0,1,0,0
5613,0.0,0.0,0,0.0,0,0,0,0,0,0
5614,0.0,0.0,0,0.0,0,0,0,1,0,0
5616,0.0,0.0,0,0.0,0,0,0,0,0,0
5617,0.0,0.0,0,0.0,0,0,0,0,0,0
5618,0.0,0.0,0,0.0,0,0,0,1,0,0
5619,0.0,0.0,0,0.0,0,0,0,0,0,0
5701,0.0,0.0,0,0.0,0,0,0,1,0,0
5702,0.0,0.0,0,0.0,0,0,0,1,0,0
5703,0.0,0.0,0,0.0,0,0,0,0,0,0
5704,0.0,0.0,0,0.0,0,0,0,0,0,0
5705,0.0,0.0,0,0.0,0,0,0,1,0,0
5706,0.0,0.0,0,0.0,0,0,0,0,0,0
5707,0.0,0.0,0,0.0,0,0,0,1,0,0
5708,0.0,0.0,0,0.0,0,0,0,1,0,0
5709,0.0,0.0,0,0.0,0,0,0,1,0,0
5710,0.0,0.0,0,0.0,0,0,1,1,0,0
5711,0.0,0.0,0,0.0,0,0,0,1,0,0
5712,0.0,0.0,0,0.0,0,0,0,1,0,0
5713,0.0,0.0,0,0.0,0,1,0,1,0,0
5714,0.0,1.0,0,0.0,0,0,0,1,0,0
5715,0.0,0.0,0,0.0,0,0,0,1,0,0
5716,0.0,0.0,0,0.0,0,1,0,1,0,0
5717,0.0,0.0,0,0.0,0,0,0,0,0,0
5718,0.0,0.0,0,0.0,0,0,0,0,1,0
5719,0.0,0.0,0,0.0,0,0,0,1,0,0
5801,0.0,0.0,1,0.0,0,0,0,1,0,0
5802,0.0,0.0,0,0.0,0,0,0,0,0,0
5803,0.0,0.0,0,0.0,0,0,0,0,0,0
5804,0.0,0.0,0,0.0,0,0,0,0,0,0
5805,0.0,0.0,0,0.0,0,0,0,0,0,0
5806,0.0,0.0,0,0.0,0,0,1,1,0,1
5807,0.0,0.0,0,0.0,0,0,0,0,0,0
5808,0.0,0.0,0,0.0,0,0,1,1,0,0
5809,0.0,0.0,0,0.0,0,0,0,0,0,0
5810,0.0,0.0,0,0.0,0,0,1,1,0,0
5811,0.0,0.0,0,0.0,0,0,0,1,0,0
5812,0.0,0.0,0,0.0,0,0,0,0,0,0
5815,0.0,0.0,0,0.0,0,0,0,1,0,0
5816,0.0,0.0,0,1.0,0,0,0,1,0,0
5817,0.0,0.0,0,0.0,0,0,0,1,0,0
5818,0.0,0.0,0,0.0,0,0,0,0,0,0
5820,0.0,0.0,0,0.0,0,0,0,1,1,0
5901,0.0,0.0,0,0.0,0,0,0,1,0,0
5902,0.0,0.0,0,0.0,0,0,0,0,0,0
5903,0.0,0.0,0,0.0,0,0,0,0,0,0
5904,0.0,0.0,1,0.0,0,0,0,0,0,0
5905,0.0,0.0,0,0.0,0,0,0,0,0,0
5906,0.0,0.0,0,0.0,0,0,0,1,0,0
5907,0.0,0.0,0,0.0,0,0,0,0,0,0
5908,0.0,0.0,0,0.0,0,0,0,0,0,0
5909,0.0,0.0,0,0.0,0,0,0,0,0,0
5910,0.0,0.0,0,0.0,0,0,0,0,0,0
5911,0.0,0.0,0,0.0,0,0,0,0,0,0
5912,0.0,0.0,0,0.0,0,0,0,0,1,0
5913,0.0,0.0,0,0.0,0,0,0,0,0,0
5914,0.0,0.0,1,0.0,0,0,0,1,0,0
5915,0.0,0.0,0,0.0,0,0,0,0,0,0
5916,0.0,0.0,0,0.0,0,0,0,1,1,1
5917,0.0,0.0,0,0.0,0,0,0,0,0,0
5918,0.0,0.0,0,0.0,0,0,0,1,0,0
5919,0.0,0.0,0,0.0,0,0,0,1,0,0
5920,0.0,0.0,0,0.0,0,0,0,0,0,0
6001,0.0,,0,0.0,0,0,0,1,0,0
6002,0.0,0.0,0,0.0,0,0,0,0,0,0
6003,0.0,0.0,0,0.0,0,0,0,0,0,0
6005,0.0,0.0,0,0.0,0,0,0,0,0,0
6006,0.0,0.0,0,0.0,0,0,0,1,0,0
6007,0.0,,0,0.0,0,0,0,0,0,0
6008,0.0,0.0,0,0.0,0,0,0,0,0,0
6009,0.0,0.0,0,0.0,0,0,0,0,1,0
6010,0.0,0.0,0,0.0,0,0,0,0,0,0
6011,0.0,0.0,0,0.0,0,0,0,0,0,0
6012,0.0,0.0,0,0.0,0,0,0,0,0,0
6013,0.0,0.0,0,0.0,0,0,0,0,0,0
6014,0.0,0.0,0,0.0,0,0,0,0,0,0
6015,0.0,0.0,0,0.0,0,0,0,1,0,0
6016,0.0,1.0,0,0.0,0,0,0,0,0,0
6017,0.0,0.0,0,0.0,0,0,0,1,0,0
6018,0.0,0.0,0,0.0,0,0,0,0,0,0
6019,0.0,0.0,0,0.0,0,0,1,0,1,0
6020,0.0,1.0,0,0.0,0,0,1,0,0,0
6101,0.0,0.0,0,0.0,0,0,0,0,0,0
6102,0.0,,0,0.0,0,0,0,1,0,0
6103,0.0,0.0,0,0.0,0,0,0,0,1,0
6104,0.0,0.0,0,0.0,0,0,0,0,0,0
6105,0.0,0.0,0,0.0,0,0,0,1,0,0
6106,0.0,0.0,0,0.0,1,0,0,1,1,0
6108,0.0,0.0,0,0.0,0,0,0,0,0,0
6109,0.0,0.0,0,0.0,0,0,0,1,0,0
6110,0.0,0.0,0,0.0,0,0,0,0,0,0
6111,0.0,0.0,0,0.0,0,0,0,0,0,0
6112,0.0,0.0,0,0.0,0,0,0,1,0,0
6113,0.0,0.0,0,0.0,0,0,0,0,0,0
6114,0.0,0.0,0,0.0,0,0,0,0,0,0
6115,0.0,0.0,1,0.0,0,0,0,0,0,0
6116,0.0,0.0,0,0.0,0,0,0,1,0,0
6117,0.0,0.0,0,0.0,0,0,0,0,0,0
6118,0.0,0.0,0,0.0,0,0,0,0,0,0
6119,0.0,0.0,0,0.0,0,0,0,1,0,0
6120,0.0,0.0,0,0.0,0,0,0,0,0,0
6201,0.0,0.0,0,0.0,0,0,0,0,0,0
6202,0.0,0.0,0,0.0,0,0,0,0,0,0
6203,0.0,0.0,0,0.0,0,0,0,0,0,0
6204,0.0,0.0,0,0.0,0,0,0,0,0,0
6205,0.0,0.0,0,0.0,0,0,0,0,0,0
6206,0.0,0.0,1,0.0,0,0,0,0,0,0
6207,0.0,0.0,0,0.0,0,0,0,0,0,0
6208,0.0,0.0,0,0.0,0,0,0,0,0,0
6209,0.0,0.0,0,0.0,0,0,0,0,0,0
6210,0.0,0.0,0,0.0,0,0,0,1,0,0
6211,0.0,0.0,0,0.0,0,0,0,1,0,0
6212,0.0,0.0,0,0.0,0,0,0,0,0,0
6213,0.0,0.0,0,0.0,0,0,0,0,0,0
6214,0.0,0.0,0,0.0,0,0,0,0,1,0
6215,0.0,0.0,0,0.0,0,0,0,0,1,0
6216,0.0,0.0,0,0.0,0,0,0,1,0,0
6217,0.0,0.0,0,0.0,0,0,0,0,0,0
6218,0.0,0.0,0,0.0,0,0,0,0,0,0
6219,0.0,0.0,0,0.0,0,0,0,0,0,0
6220,0.0,0.0,0,0.0,0,0,0,0,0,0
6301,0.0,0.0,1,0.0,0,0,0,0,0,0
6302,0.0,0.0,0,0.0,0,0,0,0,1,0
6303,0.0,0.0,0,0.0,0,0,0,1,0,0
6304,0.0,0.0,0,0.0,0,0,0,0,0,0
6305,0.0,0.0,0,0.0,0,0,0,1,0,0
6306,0.0,0.0,0,0.0,0,0,0,0,0,0
6307,0.0,,0,0.0,0,0,0,0,1,0
6308,0.0,0.0,0,0.0,0,0,0,1,0,0
6309,0.0,0.0,0,0.0,0,0,0,1,0,1
6310,0.0,0.0,0,0.0,0,0,0,1,0,0
6311,0.0,0.0,0,0.0,0,0,0,0,0,0
6312,0.0,0.0,0,0.0,0,0,0,1,1,0
6313,0.0,1.0,0,0.0,0,0,0,0,1,0
6315,0.0,,0,0.0,0,0,1,1,0,0
6316,0.0,0.0,0,0.0,1,0,0,1,1,1
6317,0.0,,0,0.0,0,0,0,0,1,0
6318,0.0,0.0,0,0.0,0,0,0,0,0,0
6319,0.0,0.0,0,0.0,0,0,0,1,0,0
6320,0.0,0.0,0,0.0,0,0,0,0,0,0
6401,0.0,0.0,0,0.0,0,0,0,0,0,0
6402,0.0,0.0,0,0.0,0,0,0,0,0,0
6403,0.0,0.0,0,0.0,0,0,0,1,0,0
6404,0.0,0.0,0,0.0,0,0,0,0,0,0
6405,0.0,0.0,0,0.0,0,0,0,1,0,0
6406,0.0,0.0,0,0.0,0,0,0,0,0,0
6407,0.0,0.0,0,0.0,0,0,0,0,0,0
6408,0.0,0.0,0,0.0,0,0,0,1,0,0
6409,0.0,0.0,1,0.0,0,0,0,0,0,0
6410,0.0,0.0,0,0.0,0,0,0,1,0,0
6411,0.0,0.0,0,0.0,0,0,0,0,0,0
6412,0.0,0.0,0,0.0,0,0,0,0,0,0
6413,0.0,0.0,1,0.0,0,0,0,1,0,0
6414,0.0,0.0,0,0.0,0,0,0,0,0,0
6415,0.0,0.0,0,0.0,0,0,0,1,0,0
6416,0.0,0.0,0,0.0,0,0,0,0,0,0
6417,0.0,0.0,0,0.0,0,0,0,1,0,0
6418,0.0,0.0,0,0.0,0,0,0,1,0,0
6419,0.0,1.0,0,0.0,0,0,0,0,0,0
6420,0.0,0.0,0,0.0,0,0,0,0,0,0
6501,0.0,0.0,0,0.0,0,0,0,1,0,0
6502,0.0,0.0,0,0.0,0,0,0,0,0,0
6503,0.0,0.0,0,0.0,0,0,0,0,1,0
6504,0.0,0.0,0,0.0,0,0,0,0,0,0
6505,0.0,0.0,1,0.0,0,0,0,1,0,0
6506,0.0,0.0,0,0.0,0,0,0,1,0,0
6507,0.0,0.0,0,0.0,0,0,0,0,0,0
6508,0.0,0.0,1,0.0,0,0,1,0,0,0
6509,,0.0,0,0.0,0,0,0,0,0,0
6510,0.0,0.0,0,0.0,0,0,0,0,0,0
6511,0.0,0.0,0,0.0,0,0,0,0,0,0
6512,0.0,0.0,0,0.0,0,0,0,0,0,0
6513,0.0,0.0,0,0.0,0,0,0,1,0,0
6514,0.0,0.0,0,0.0,0,0,0,0,0,0
6515,0.0,0.0,0,0.0,0,0,1,1,0,0
6516,0.0,0.0,0,0.0,0,0,0,1,0,0
6517,0.0,0.0,0,0.0,0,0,0,0,0,0
6518,0.0,0.0,0,0.0,0,0,0,0,0,0
6519,0.0,1.0,0,0.0,0,1,0,0,0,0
6520,0.0,0.0,0,0.0,0,0,0,1,0,0
6601,0.0,0.0,0,0.0,0,0,0,0,0,0
6602,,0.0,0,0.0,0,0,0,1,0,0
6603,0.0,0.0,0,0.0,0,0,0,1,0,0
6604,0.0,0.0,0,0.0,0,0,0,0,0,0
6606,0.0,0.0,0,0.0,0,0,0,0,0,0
6607,0.0,,0,0.0,0,0,1,0,0,0
6608,0.0,0.0,0,0.0,0,0,0,0,0,0
6609,0.0,0.0,0,0.0,0,0,0,0,1,0
6610,0.0,0.0,0,0.0,0,0,0,1,0,0
6611,0.0,0.0,0,0.0,0,0,0,0,0,0
6612,0.0,0.0,0,0.0,0,0,0,0,0,0
6613,0.0,0.0,0,0.0,0,0,0,0,0,0
6614,0.0,0.0,0,0.0,0,0,0,0,0,0
6615,0.0,0.0,0,0.0,0,0,0,0,0,0
6616,0.0,0.0,0,0.0,0,0,0,1,0,0
6618,,0.0,0,0.0,0,0,0,1,0,0
6619,0.0,0.0,0,0.0,0,0,0,1,0,1
6620,0.0,0.0,0,0.0,0,0,0,1,0,0
6703,0.0,0.0,0,0.0,0,0,0,1,0,0
6704,0.0,0.0,0,0.0,0,0,0,0,0,0
6705,0.0,0.0,0,0.0,0,0,0,0,0,0
6706,0.0,0.0,0,0.0,0,0,0,1,1,0
6707,0.0,0.0,0,0.0,0,0,0,0,0,0
6708,0.0,0.0,0,0.0,0,0,0,1,0,1
6709,0.0,0.0,0,0.0,0,0,0,1,0,0
6710,0.0,0.0,1,0.0,0,0,0,0,0,0
6711,0.0,1.0,0,0.0,0,0,0,0,1,0
6713,,0.0,0,0.0,0,0,0,0,0,0
6714,0.0,0.0,0,0.0,0,0,0,1,0,0
6715,0.0,0.0,0,0.0,0,0,1,0,0,0
6716,0.0,0.0,0,0.0,0,0,0,1,0,0
6717,0.0,0.0,0,0.0,0,0,0,1,1,0
6718,0.0,0.0,0,0.0,0,0,0,0,0,0
6720,0.0,0.0,0,0.0,0,0,0,1,0,0
6801,0.0,0.0,0,0.0,0,0,0,1,0,0
6802,0.0,0.0,0,0.0,0,0,0,0,0,0
6803,0.0,0.0,0,0.0,0,0,0,0,0,0
6804,0.0,0.0,0,0.0,0,0,0,0,0,0
6805,0.0,0.0,0,0.0,0,0,0,0,0,0
6806,0.0,0.0,0,0.0,0,0,0,0,0,0
6807,0.0,0.0,0,0.0,0,0,0,1,0,0
6810,0.0,0.0,0,0.0,0,0,0,0,0,0
6811,0.0,0.0,0,0.0,0,0,0,0,0,0
6812,0.0,0.0,0,0.0,0,0,0,1,0,0
6813,0.0,0.0,0,0.0,0,0,0,0,1,0
6814,0.0,0.0,0,0.0,0,0,0,0,0,0
6815,0.0,0.0,0,0.0,0,0,0,1,0,0
6816,0.0,0.0,0,0.0,0,0,0,0,0,0
6817,0.0,0.0,0,0.0,0,0,0,0,0,0
6818,0.0,0.0,0,0.0,0,0,0,0,0,0
6819,0.0,0.0,0,0.0,0,0,0,1,0,0
6820,0.0,0.0,0,0.0,0,0,0,0,0,0
6901,0.0,0.0,0,0.0,0,0,0,0,0,0
6904,0.0,0.0,0,0.0,0,0,0,1,1,0
6905,0.0,0.0,0,0.0,0,0,0,0,0,0
6907,0.0,1.0,0,0.0,0,0,0,0,0,0
6908,0.0,0.0,0,0.0,0,0,0,1,0,0
6909,0.0,0.0,0,0.0,0,0,0,1,0,0
6910,0.0,0.0,0,0.0,0,0,0,0,0,0
6911,0.0,0.0,0,0.0,0,0,0,1,0,0
6912,0.0,0.0,0,0.0,0,0,0,1,0,0
6913,0.0,0.0,0,0.0,0,0,0,0,0,0
6914,0.0,,0,0.0,0,0,1,1,0,0
6915,0.0,0.0,0,0.0,0,0,1,1,0,0
6916,0.0,0.0,0,0.0,0,0,0,1,0,0
6917,0.0,0.0,0,0.0,1,0,1,1,0,0
6918,0.0,0.0,0,0.0,0,0,0,1,0,0
6920,0.0,0.0,0,0.0,0,0,0,1,0,0
7001,0.0,0.0,0,0.0,0,0,0,0,0,0
7002,0.0,0.0,0,0.0,0,0,0,1,0,0
7003,0.0,0.0,0,0.0,0,0,0,1,0,0
7005,0.0,0.0,0,0.0,0,0,0,1,0,0
7006,0.0,0.0,0,0.0,0,0,0,0,0,0
7008,0.0,0.0,0,0.0,0,0,0,0,0,0
7009,0.0,0.0,0,0.0,0,0,0,0,0,0
7010,0.0,0.0,0,0.0,0,0,1,1,1,0
7011,0.0,0.0,0,0.0,0,0,0,1,0,0
7012,0.0,0.0,0,0.0,0,0,0,1,0,0
7013,0.0,0.0,0,0.0,0,0,0,0,0,0
7014,0.0,0.0,0,0.0,0,0,0,0,0,0
7015,0.0,0.0,0,0.0,0,0,0,0,0,0
7016,0.0,0.0,0,0.0,0,0,0,1,0,0
7017,0.0,0.0,0,0.0,0,0,0,0,0,0
7018,0.0,0.0,0,0.0,0,0,0,1,0,0
7019,0.0,0.0,0,0.0,0,0,0,1,0,0
7020,0.0,0.0,0,0.0,0,0,0,0,0,0
7101,0.0,0.0,0,0.0,0,0,0,0,0,0
7103,,0.0,0,0.0,0,0,0,0,0,0
7104,0.0,0.0,0,0.0,0,0,0,1,0,0
7105,0.0,0.0,0,0.0,0,0,0,0,0,0
7106,0.0,0.0,0,0.0,0,0,0,1,0,0
7107,0.0,0.0,0,0.0,0,0,0,1,0,0
7109,0.0,0.0,0,0.0,0,0,0,0,0,0
7110,0.0,0.0,0,0.0,0,0,0,0,0,0
7111,0.0,0.0,0,0.0,0,0,0,1,1,0
7112,0.0,0.0,0,0.0,0,0,0,1,0,0
7113,0.0,0.0,0,0.0,0,0,0,0,0,0
7114,0.0,0.0,0,0.0,0,0,0,1,0,0
7115,0.0,0.0,0,0.0,0,0,0,1,0,0
7117,0.0,0.0,0,0.0,0,0,0,1,0,0
7118,0.0,0.0,0,0.0,0,0,0,1,1,0
7119,0.0,0.0,0,0.0,0,0,0,1,0,0
7120,0.0,0.0,0,0.0,0,0,0,0,0,0
7201,0.0,0.0,0,0.0,0,0,0,1,0,0
7202,0.0,0.0,0,0.0,0,0,0,1,0,0
7203,0.0,0.0,0,0.0,0,0,0,1,0,0
7204,0.0,0.0,0,0.0,0,0,0,0,0,0
7205,0.0,0.0,0,0.0,0,0,0,0,0,0
7208,0.0,0.0,0,0.0,0,0,0,0,0,0
7209,1.0,0.0,0,0.0,0,0,1,0,0,0
7210,0.0,0.0,0,0.0,0,0,0,1,1,0
7211,0.0,0.0,0,0.0,0,0,0,1,1,0
7213,0.0,0.0,0,0.0,0,0,0,0,0,0
7214,0.0,0.0,0,0.0,0,0,0,0,0,0
7215,0.0,0.0,0,0.0,0,0,0,1,0,0
7217,0.0,0.0,0,0.0,0,0,0,0,0,0
7219,0.0,0.0,0,0.0,0,0,0,0,0,0
7220,0.0,0.0,0,0.0,0,0,0,0,1,0
7301,1.0,1.0,0,0.0,0,0,0,1,0,0
7302,0.0,1.0,0,0.0,0,0,1,1,1,0
7303,0.0,0.0,0,0.0,0,0,0,1,0,0
7304,0.0,0.0,0,0.0,0,0,0,1,0,0
7305,0.0,0.0,0,0.0,0,0,0,1,0,0
7306,0.0,0.0,0,0.0,0,0,0,0,0,0
7307,0.0,0.0,0,0.0,0,0,0,0,0,0
7308,0.0,0.0,0,0.0,0,0,1,1,0,0
7309,0.0,0.0,0,0.0,0,0,0,0,0,0
7311,,0.0,0,0.0,0,0,0,1,0,0
7312,0.0,0.0,0,0.0,0,0,0,0,0,0
7313,0.0,0.0,0,0.0,0,0,0,1,0,0
7314,0.0,0.0,0,0.0,0,0,0,1,0,0
7315,0.0,0.0,0,0.0,0,0,0,1,0,0
7316,0.0,0.0,0,0.0,0,0,0,1,0,0
7317,0.0,0.0,0,0.0,0,0,0,0,0,0
7318,0.0,0.0,1,0.0,0,0,0,0,0,0
7320,0.0,0.0,0,0.0,0,0,0,0,0,0
7401,0.0,0.0,0,0.0,0,0,0,0,0,0
7402,0.0,0.0,0,0.0,0,0,0,1,0,0
7403,0.0,0.0,0,0.0,0,0,0,0,1,0
7404,0.0,0.0,0,0.0,0,0,0,0,0,0
7405,0.0,0.0,0,0.0,0,0,0,0,0,0
7406,0.0,0.0,0,0.0,0,0,1,1,1,0
7407,0.0,0.0,0,0.0,0,0,1,1,0,1
7408,0.0,0.0,0,0.0,0,0,0,0,0,0
7409,0.0,0.0,0,0.0,0,0,0,0,0,0
7410,0.0,0.0,0,0.0,0,0,1,1,0,0
7411,0.0,0.0,0,0.0,0,0,0,1,0,0
7413,0.0,0.0,0,0.0,0,0,0,0,0,0
7414,0.0,0.0,0,0.0,0,0,0,0,0,0
7415,0.0,0.0,0,0.0,0,0,0,0,0,0
7416,0.0,0.0,0,0.0,0,0,0,1,0,0
7417,0.0,0.0,0,0.0,0,0,0,0,0,0
7418,0.0,0.0,0,0.0,0,0,0,1,0,0
7419,0.0,0.0,0,0.0,0,0,0,1,0,0
7420,0.0,0.0,0,0.0,0,0,0,0,0,0
7501,0.0,0.0,0,0.0,0,0,0,0,0,0
7502,0.0,0.0,0,0.0,0,0,0,1,0,0
7503,0.0,0.0,0,0.0,0,0,0,0,0,0
7504,0.0,0.0,0,0.0,0,0,0,0,0,0
7506,0.0,0.0,0,0.0,0,0,0,0,0,0
7507,0.0,0.0,0,0.0,0,0,0,0,0,0
7508,0.0,0.0,0,0.0,0,0,0,1,0,0
7510,0.0,0.0,0,0.0,0,0,0,1,0,0
7511,0.0,0.0,0,0.0,0,0,0,1,0,0
7512,0.0,0.0,0,0.0,0,0,0,0,0,0
7513,0.0,0.0,0,0.0,0,0,0,1,0,0
7514,0.0,0.0,0,0.0,0,0,0,0,0,0
7515,0.0,0.0,0,0.0,0,0,1,0,0,0
7516,0.0,0.0,0,0.0,0,0,0,0,0,0
7517,0.0,0.0,0,0.0,0,0,0,0,0,0
7518,0.0,0.0,0,0.0,0,0,1,0,0,0
7520,0.0,0.0,0,0.0,0,0,0,1,0,0
7601,0.0,0.0,0,0.0,0,0,0,1,0,0
7602,0.0,0.0,0,0.0,0,0,0,0,1,0
7603,0.0,0.0,0,0.0,0,0,0,0,0,0
7604,0.0,0.0,0,0.0,0,0,0,0,0,0
7605,0.0,0.0,0,0.0,0,0,0,0,0,0
7608,0.0,0.0,0,0.0,0,0,0,1,0,0
7609,0.0,0.0,0,0.0,0,0,0,0,0,0
7610,0.0,0.0,0,0.0,0,0,0,0,0,0
7611,0.0,0.0,1,0.0,0,0,0,1,0,0
7612,0.0,0.0,0,0.0,0,0,0,0,0,0
7614,0.0,0.0,0,0.0,0,0,0,1,1,0
7615,0.0,0.0,0,0.0,0,0,0,0,0,0
7616,0.0,0.0,0,0.0,0,0,0,1,1,0
7617,0.0,0.0,0,0.0,0,0,0,1,0,0
7618,0.0,0.0,0,0.0,0,0,0,1,0,0
7619,0.0,0.0,0,0.0,0,0,0,0,0,0
7620,0.0,0.0,0,0.0,0,0,0,0,0,0
7701,0.0,0.0,0,0.0,0,0,0,1,1,0
7702,0.0,0.0,0,0.0,0,0,0,1,0,0
7703,0.0,0.0,0,0.0,0,0,1,1,0,0
7704,0.0,0.0,0,0.0,0,0,0,0,0,0
7705,0.0,0.0,0,0.0,0,0,0,0,0,0
7706,0.0,0.0,0,0.0,0,0,0,1,0,0
7707,0.0,0.0,0,0.0,0,0,0,1,0,0
7708,1.0,0.0,0,0.0,0,0,0,0,0,0
7709,0.0,0.0,0,0.0,0,0,0,1,1,1
7710,0.0,0.0,0,0.0,0,0,0,1,0,0
7711,0.0,0.0,0,0.0,0,0,0,0,0,0
7712,0.0,0.0,0,0.0,0,0,1,0,0,0
7713,0.0,0.0,0,0.0,0,0,0,0,0,0
7714,1.0,0.0,0,0.0,0,0,0,0,0,0
7716,0.0,0.0,0,0.0,0,0,0,0,0,0
7718,0.0,0.0,0,0.0,0,0,0,0,0,0
7719,0.0,0.0,0,0.0,0,0,0,1,0,0
7720,0.0,0.0,0,0.0,0,0,0,0,0,0
7801,0.0,0.0,0,0.0,0,0,0,1,0,0
7802,0.0,0.0,0,0.0,0,0,0,1,0,0
7803,0.0,0.0,0,0.0,0,0,0,0,0,0
7804,0.0,0.0,0,0.0,0,0,0,1,0,0
7805,0.0,0.0,0,0.0,0,0,1,1,0,0
7806,0.0,0.0,0,0.0,0,0,1,1,0,0
7807,0.0,0.0,0,0.0,0,0,1,1,1,1
7808,0.0,0.0,0,0.0,0,0,1,1,0,0
7809,0.0,0.0,0,0.0,0,0,1,1,1,0
7810,0.0,0.0,0,0.0,0,0,0,0,0,0
7811,0.0,0.0,0,0.0,0,0,0,0,0,0
7812,,0.0,0,0.0,0,0,0,0,0,0
7813,0.0,0.0,0,0.0,0,0,0,0,1,0
7814,0.0,0.0,0,0.0,0,0,0,0,0,0
7815,0.0,0.0,0,0.0,0,0,0,0,0,0
7816,0.0,0.0,0,,0,0,0,1,0,0
7817,1.0,0.0,0,0.0,0,0,0,1,0,0
7818,0.0,0.0,1,0.0,0,0,0,1,0,0
7819,1.0,0.0,0,0.0,0,0,0,1,0,0
7820,0.0,0.0,0,0.0,0,0,1,1,0,0
7901,0.0,0.0,0,0.0,0,0,0,0,0,0
7902,0.0,0.0,0,0.0,0,0,1,0,1,0
7903,0.0,0.0,0,0.0,0,0,0,1,1,0
7905,0.0,0.0,0,0.0,0,0,0,0,0,0
7906,0.0,0.0,0,0.0,0,0,0,1,1,0
7907,0.0,0.0,0,0.0,0,0,0,1,0,0
7908,0.0,0.0,0,0.0,0,0,0,1,0,0
7909,0.0,0.0,0,0.0,0,0,0,1,0,0
7910,0.0,0.0,0,0.0,0,0,0,0,0,0
7912,0.0,0.0,0,0.0,0,0,0,1,0,0
7913,0.0,0.0,1,0.0,0,0,0,1,1,0
7914,,0.0,0,0.0,0,0,0,1,1,0
7915,1.0,0.0,0,0.0,0,0,0,1,1,0
7916,0.0,0.0,0,0.0,0,0,0,0,1,0
7917,0.0,0.0,0,0.0,0,0,0,1,0,0
7918,0.0,0.0,0,0.0,0,0,0,0,0,0
7919,0.0,0.0,0,0.0,0,0,0,1,1,0
7920,0.0,0.0,0,0.0,0,0,0,1,0,0
8001,0.0,0.0,0,0.0,0,0,0,1,0,0
8002,0.0,0.0,0,0.0,0,0,0,0,0,0
8003,0.0,0.0,0,0.0,0,0,0,1,0,0
8004,0.0,1.0,0,0.0,0,0,0,1,0,0
8005,0.0,0.0,0,0.0,0,0,0,0,0,0
8006,0.0,0.0,0,0.0,0,0,0,1,1,0
8007,0.0,0.0,0,0.0,0,0,0,1,0,0
8008,0.0,0.0,0,0.0,0,0,0,0,0,0
8009,0.0,0.0,0,0.0,0,0,1,0,0,0
8010,0.0,0.0,0,0.0,0,0,0,0,0,0
8012,0.0,0.0,0,0.0,0,0,0,0,0,0
8014,0.0,0.0,0,0.0,0,0,0,0,0,0
8015,0.0,0.0,0,0.0,0,0,0,0,0,0
8016,0.0,0.0,0,0.0,0,0,0,1,1,0
8017,,0.0,0,0.0,0,0,0,1,0,0
8018,0.0,0.0,0,0.0,0,0,0,1,0,1
8019,0.0,0.0,0,0.0,0,0,0,0,0,0
8020,0.0,0.0,0,0.0,0,0,0,1,0,0
8101,0.0,0.0,0,0.0,0,0,0,1,0,0
8102,0.0,0.0,0,0.0,0,0,0,0,0,0
8103,0.0,0.0,0,0.0,0,0,0,1,0,0
8104,0.0,0.0,0,0.0,0,0,0,1,0,0
8105,0.0,0.0,0,0.0,0,1,0,1,0,0
8106,0.0,0.0,0,0.0,0,0,0,1,0,0
8107,0.0,0.0,0,0.0,0,0,0,1,0,0
8108,0.0,0.0,0,1.0,0,0,1,0,0,0
8110,0.0,0.0,0,0.0,0,0,0,1,0,0
8111,0.0,0.0,0,0.0,0,0,0,1,0,0
8112,0.0,0.0,0,0.0,0,0,0,1,0,0
8113,0.0,0.0,0,0.0,0,0,0,0,0,0
8114,0.0,0.0,0,0.0,0,0,0,1,0,0
8115,0.0,0.0,0,0.0,0,0,0,1,0,0
8116,0.0,0.0,0,0.0,0,0,0,0,0,0
8118,0.0,0.0,0,0.0,0,0,0,0,0,0
8119,0.0,0.0,0,0.0,0,0,0,1,0,0
8120,0.0,0.0,0,0.0,0,0,0,0,0,0
8201,0.0,0.0,0,0.0,0,0,0,0,0,0
8202,0.0,0.0,0,0.0,0,0,0,0,1,0
8203,0.0,0.0,0,0.0,0,1,0,1,0,0
8204,0.0,0.0,0,0.0,0,0,0,0,1,0
8205,0.0,0.0,0,0.0,0,0,0,1,0,1
8206,0.0,0.0,0,0.0,0,0,0,0,0,0
8207,0.0,0.0,0,0.0,0,0,1,0,0,0
8208,0.0,0.0,0,0.0,0,0,0,1,0,0
8211,0.0,0.0,0,0.0,0,0,0,0,0,0
8212,0.0,0.0,0,0.0,0,0,0,1,0,0
8214,,,0,0.0,0,0,1,1,0,0
8215,0.0,0.0,0,0.0,0,0,1,1,0,0
8216,0.0,0.0,0,0.0,0,0,0,0,1,0
8217,0.0,0.0,0,0.0,0,0,0,0,0,0
8218,0.0,0.0,0,0.0,0,0,0,0,0,0
8219,0.0,0.0,0,0.0,0,0,0,0,0,0
8220,0.0,0.0,0,0.0,0,0,0,0,0,0
8301,0.0,0.0,0,0.0,0,0,0,0,0,0
8302,0.0,0.0,0,0.0,0,0,0,1,0,0
8303,0.0,0.0,0,0.0,0,0,0,0,1,0
8304,0.0,0.0,0,0.0,0,0,0,0,0,0
8305,0.0,0.0,0,0.0,0,0,0,0,0,0
8306,0.0,0.0,0,0.0,0,0,0,0,1,0
8307,0.0,0.0,0,0.0,0,0,0,1,0,0
8308,0.0,0.0,0,0.0,0,0,0,1,0,0
8309,0.0,,0,0.0,0,0,0,0,1,0
8310,0.0,0.0,0,0.0,0,0,0,1,0,0
8311,0.0,0.0,0,0.0,0,0,0,0,0,0
8312,0.0,0.0,0,0.0,0,0,0,1,0,0
8313,0.0,0.0,0,0.0,0,0,0,1,0,0
8314,0.0,0.0,0,0.0,0,0,1,1,0,0
8315,0.0,0.0,0,0.0,0,0,0,1,0,0
8316,0.0,0.0,0,0.0,0,0,0,0,0,0
8317,0.0,0.0,0,0.0,0,0,0,1,0,0
8318,0.0,0.0,0,0.0,0,0,0,0,0,0
8319,0.0,0.0,0,0.0,0,0,0,1,0,0
8320,0.0,0.0,0,0.0,0,0,0,1,0,0
8401,0.0,0.0,0,0.0,0,0,1,1,0,0
8402,0.0,0.0,0,0.0,0,0,0,0,0,0
8403,0.0,0.0,0,0.0,0,0,0,0,0,0
8404,0.0,0.0,0,0.0,0,0,0,1,1,0
8405,0.0,0.0,0,0.0,0,0,0,0,0,0
8406,0.0,0.0,0,0.0,0,0,0,0,0,0
8407,0.0,0.0,1,0.0,0,0,0,1,0,0
8408,0.0,0.0,0,0.0,0,0,0,0,0,0
8409,0.0,0.0,0,0.0,0,0,0,0,0,0
8410,0.0,0.0,0,0.0,0,0,0,1,0,0
8411,0.0,0.0,0,0.0,1,0,0,1,0,0
8412,0.0,0.0,0,0.0,0,0,0,1,0,0
8413,0.0,0.0,0,0.0,0,0,0,1,0,0
8414,0.0,0.0,0,0.0,0,0,0,0,0,0
8415,0.0,0.0,0,0.0,0,0,0,0,0,0
8416,0.0,0.0,0,0.0,0,0,0,1,1,1
8417,0.0,0.0,0,0.0,0,0,0,0,0,0
8419,0.0,0.0,0,0.0,0,0,0,1,0,0
8420,0.0,0.0,0,0.0,0,0,0,1,0,0
8501,0.0,0.0,0,0.0,0,0,0,1,0,0
8502,0.0,0.0,0,0.0,0,0,0,1,1,0
8505,0.0,0.0,0,0.0,0,0,0,0,0,0
8506,0.0,0.0,0,0.0,0,0,0,1,0,0
8507,0.0,0.0,0,0.0,0,0,0,0,0,0
8508,0.0,0.0,0,0.0,0,0,0,0,0,0
8510,0.0,0.0,0,0.0,0,0,0,0,1,0
8511,0.0,0.0,0,0.0,0,0,0,1,1,0
8513,0.0,0.0,0,0.0,0,0,0,0,1,0
8515,0.0,0.0,0,0.0,0,0,0,1,0,0
8516,0.0,0.0,0,0.0,0,0,0,1,1,0
8517,0.0,0.0,0,0.0,0,0,0,0,0,0
8518,0.0,0.0,0,0.0,0,0,0,1,1,0
8519,0.0,0.0,0,0.0,0,0,0,1,0,0
8520,0.0,0.0,0,0.0,0,0,0,1,0,0
8601,0.0,0.0,0,0.0,0,0,0,0,0,0
8602,0.0,0.0,0,0.0,0,0,0,1,0,0
8603,0.0,0.0,0,0.0,0,0,1,1,0,0
8604,0.0,0.0,0,0.0,0,0,0,0,0,0
8605,0.0,0.0,0,0.0,0,0,0,0,0,0
8606,0.0,0.0,0,0.0,0,0,0,0,0,0
8607,0.0,,0,0.0,0,0,0,0,0,0
8609,0.0,0.0,0,0.0,0,0,0,0,0,0
8610,0.0,0.0,0,0.0,0,0,0,1,0,0
8612,0.0,0.0,0,0.0,0,0,0,0,0,0
8613,0.0,0.0,0,0.0,0,0,0,1,1,0
8614,0.0,0.0,0,0.0,0,0,0,1,1,0
8616,0.0,0.0,0,0.0,0,0,0,1,0,0
8617,0.0,0.0,0,0.0,0,0,0,1,0,0
8618,0.0,0.0,0,0.0,0,0,0,0,0,0
8619,0.0,0.0,0,0.0,0,0,1,1,0,0
8620,0.0,0.0,0,0.0,0,0,0,1,1,0
8701,0.0,0.0,0,0.0,0,0,0,1,0,0
8703,0.0,0.0,0,0.0,0,0,0,1,0,0
8704,,0.0,0,0.0,0,0,0,1,1,0
8705,0.0,0.0,0,0.0,0,0,1,1,1,0
8706,0.0,0.0,1,0.0,0,0,0,0,0,0
8707,0.0,0.0,0,0.0,0,0,0,1,0,0
8708,0.0,0.0,1,0.0,0,0,0,1,0,0
8709,0.0,0.0,0,0.0,0,0,0,0,0,0
8710,0.0,0.0,0,0.0,0,0,0,0,0,0
8711,0.0,0.0,0,0.0,0,0,0,1,0,0
8712,0.0,0.0,0,0.0,0,0,0,1,0,0
8713,0.0,0.0,0,0.0,0,0,0,1,0,0
8714,0.0,0.0,0,0.0,0,0,0,0,0,0
8715,0.0,0.0,0,0.0,0,0,0,1,0,0
8716,0.0,0.0,0,0.0,0,0,0,1,0,0
8717,0.0,0.0,0,0.0,0,0,0,1,0,0
8718,0.0,0.0,0,0.0,0,0,0,0,0,0
8719,0.0,0.0,0,0.0,0,0,0,1,0,0
8720,0.0,0.0,0,0.0,0,0,0,1,0,0
8801,0.0,0.0,0,0.0,0,0,0,1,0,0
8802,0.0,0.0,0,0.0,0,0,0,0,0,0
8803,0.0,0.0,0,0.0,0,0,0,1,0,0
8804,0.0,0.0,0,0.0,0,0,0,0,0,0
8805,0.0,0.0,0,0.0,0,0,0,1,1,0
8806,0.0,0.0,0,0.0,0,0,0,1,1,0
8807,0.0,0.0,0,0.0,0,0,0,1,1,0
8808,0.0,0.0,0,0.0,0,0,0,0,0,0
8809,0.0,0.0,0,0.0,0,0,0,0,0,0
8810,0.0,0.0,0,0.0,0,0,0,0,0,0
8811,0.0,0.0,0,0.0,0,0,0,0,0,0
8812,0.0,0.0,0,0.0,0,0,0,1,0,0
8813,,,0,0.0,0,0,0,0,1,0
8814,0.0,0.0,0,0.0,0,0,0,1,0,0
8815,0.0,0.0,0,0.0,0,0,0,0,0,0
8816,0.0,0.0,0,0.0,0,0,0,0,0,0
8817,0.0,0.0,0,0.0,0,0,0,0,0,0
8818,0.0,0.0,0,0.0,0,0,0,0,0,0
8819,0.0,0.0,0,0.0,0,0,0,1,1,0
8820,0.0,0.0,0,0.0,0,0,0,0,0,0
8901,0.0,0.0,0,0.0,0,0,0,0,0,0
8902,0.0,0.0,0,0.0,0,0,0,1,0,0
8903,0.0,0.0,0,0.0,0,0,0,0,0,0
8904,0.0,0.0,0,0.0,0,0,0,1,1,0
8905,0.0,0.0,0,0.0,0,0,0,0,0,0
8906,0.0,0.0,0,0.0,0,0,0,0,0,0
8907,0.0,0.0,0,0.0,0,0,0,0,0,0
8909,0.0,0.0,0,0.0,0,0,1,0,1,1
8910,0.0,0.0,0,0.0,0,0,0,0,0,1
8913,0.0,0.0,0,0.0,0,0,0,1,1,0
8914,0.0,0.0,0,0.0,0,0,0,0,0,0
8915,0.0,0.0,0,0.0,0,0,0,0,0,0
8917,0.0,0.0,0,0.0,0,0,0,0,1,0
8918,0.0,0.0,1,0.0,0,0,0,1,1,1
8919,0.0,0.0,0,0.0,0,0,0,1,0,0
8920,0.0,0.0,0,0.0,0,0,0,1,0,0
9001,0.0,0.0,0,0.0,0,0,0,1,1,0
9002,0.0,0.0,1,0.0,0,0,0,0,1,0
9003,0.0,0.0,0,0.0,0,0,0,1,0,1
9005,0.0,0.0,0,0.0,0,0,0,1,0,1
9007,0.0,0.0,0,0.0,0,0,0,1,1,0
9008,0.0,0.0,0,0.0,0,0,0,1,0,0
9009,0.0,0.0,0,0.0,1,0,0,1,1,0
9010,0.0,0.0,0,0.0,0,0,0,1,1,0
9011,0.0,0.0,0,0.0,0,0,0,0,0,0
9012,0.0,0.0,0,0.0,0,0,0,1,0,1
9013,0.0,0.0,0,0.0,0,0,0,1,0,0
9014,0.0,0.0,0,0.0,0,0,0,1,1,1
9015,0.0,0.0,0,0.0,0,0,1,1,0,0
9017,0.0,0.0,0,1.0,0,0,1,1,0,1
9018,0.0,0.0,0,0.0,0,0,1,1,0,0
9019,0.0,0.0,0,0.0,0,0,0,1,1,1
9101,0.0,0.0,0,0.0,0,0,0,0,0,0
9102,0.0,0.0,0,0.0,0,0,0,1,0,0
9103,0.0,0.0,0,0.0,0,0,0,1,1,0
9104,0.0,0.0,0,0.0,0,0,0,0,0,0
9105,0.0,0.0,0,0.0,0,0,0,1,0,0
9106,0.0,0.0,0,0.0,0,0,0,1,0,0
9107,0.0,0.0,1,0.0,0,0,0,1,0,0
9108,0.0,0.0,0,0.0,0,0,0,0,0,0
9110,0.0,0.0,0,0.0,0,0,0,1,0,0
9111,0.0,0.0,0,0.0,0,0,0,0,1,0
9112,0.0,0.0,0,0.0,0,0,0,0,0,0
9113,0.0,0.0,0,0.0,0,0,1,1,0,0
9114,0.0,0.0,0,0.0,0,0,0,0,0,0
9115,0.0,0.0,0,0.0,0,0,0,0,0,0
9116,0.0,0.0,0,0.0,1,0,0,1,1,1
9117,0.0,0.0,1,0.0,0,0,0,0,0,0
9118,0.0,0.0,0,0.0,0,0,0,0,0,0
9119,0.0,0.0,0,0.0,0,0,0,0,1,0
9120,0.0,0.0,0,0.0,0,0,0,1,0,0
9201,0.0,0.0,0,0.0,0,0,0,1,1,0
9202,0.0,0.0,0,0.0,0,0,0,0,0,0
9203,0.0,0.0,0,0.0,0,0,0,0,0,0
9204,0.0,0.0,0,0.0,0,0,0,0,0,0
9205,0.0,0.0,0,0.0,0,0,1,1,0,0
9206,0.0,0.0,0,0.0,0,0,0,1,0,0
9207,0.0,0.0,0,0.0,0,0,0,1,0,1
9208,0.0,0.0,0,0.0,0,0,1,1,1,0
9209,0.0,0.0,1,0.0,0,1,0,1,0,0
9210,,0.0,0,0.0,0,0,0,1,1,0
9211,0.0,0.0,0,0.0,0,0,1,1,1,0
9212,0.0,0.0,0,0.0,0,0,0,1,1,0
9213,0.0,0.0,0,0.0,0,0,0,1,0,0
9214,0.0,0.0,0,0.0,0,0,0,0,0,0
9215,0.0,0.0,0,0.0,0,0,0,1,1,0
9216,0.0,0.0,0,0.0,0,0,0,1,1,0
9217,0.0,0.0,0,0.0,0,0,0,0,0,0
9218,0.0,0.0,0,0.0,1,0,0,0,0,1
9219,0.0,0.0,0,0.0,0,0,0,1,1,0
9220,0.0,0.0,0,0.0,0,0,0,0,0,0
9302,0.0,0.0,0,0.0,0,0,1,1,0,0
9303,0.0,0.0,0,0.0,0,0,1,1,0,0
9304,0.0,0.0,0,0.0,0,0,1,1,0,0
9305,0.0,0.0,0,0.0,0,0,1,1,0,0
9306,0.0,0.0,0,0.0,0,0,1,1,1,0
9307,0.0,0.0,0,0.0,0,0,0,1,1,0
9308,0.0,0.0,0,0.0,0,0,0,1,1,0
9310,0.0,0.0,0,0.0,0,0,0,1,0,0
9311,0.0,0.0,0,0.0,0,0,0,1,0,0
9312,0.0,0.0,0,0.0,0,0,1,1,1,0
9313,0.0,0.0,0,0.0,0,0,1,1,1,0
9314,0.0,0.0,0,0.0,0,0,0,1,0,0
9315,0.0,0.0,0,0.0,0,0,0,1,1,0
9316,0.0,0.0,0,0.0,0,0,0,1,0,0
9317,0.0,0.0,0,0.0,0,0,0,1,1,0
9318,0.0,0.0,0,0.0,0,0,0,0,0,0
9319,0.0,0.0,0,0.0,0,0,0,1,1,0
9320,,0.0,0,0.0,0,0,0,1,1,0
9401,0.0,0.0,0,0.0,0,0,0,0,0,0
9402,0.0,0.0,0,0.0,0,0,0,0,0,0
9403,0.0,0.0,0,0.0,0,0,0,1,0,0
9404,,0.0,0,0.0,0,0,0,1,1,0
9405,0.0,0.0,0,0.0,0,0,0,0,0,0
9406,0.0,0.0,0,0.0,0,0,0,0,0,0
9407,0.0,0.0,0,0.0,0,0,0,1,0,0
9408,0.0,0.0,0,0.0,0,0,0,1,0,1
9409,0.0,0.0,0,0.0,0,0,0,0,1,0
9410,0.0,0.0,0,0.0,0,0,0,0,1,0
9411,0.0,0.0,0,0.0,0,0,0,1,1,0
9412,0.0,0.0,0,0.0,0,0,0,1,1,0
9413,0.0,0.0,0,0.0,0,0,0,1,1,1
9414,0.0,0.0,0,0.0,0,0,0,1,1,0
9415,0.0,0.0,0,0.0,0,0,1,0,0,1
9416,0.0,0.0,0,0.0,0,0,0,1,1,1
9417,0.0,0.0,0,0.0,0,0,0,0,0,0
9418,0.0,0.0,0,0.0,0,0,0,0,0,0
9419,0.0,0.0,0,0.0,0,0,0,0,0,0
9420,0.0,0.0,0,0.0,0,0,0,0,0,0
9501,0.0,0.0,0,0.0,0,0,0,0,0,0
9502,0.0,0.0,0,0.0,0,0,0,1,0,0
9503,0.0,0.0,0,0.0,0,0,0,1,0,0
9504,0.0,0.0,0,0.0,0,0,0,1,0,0
9505,0.0,0.0,0,0.0,0,0,0,1,0,0
9506,0.0,0.0,0,0.0,0,0,0,1,1,0
9507,0.0,0.0,0,0.0,0,0,0,1,1,0
9508,0.0,0.0,0,0.0,0,0,0,0,0,0
9509,0.0,0.0,0,0.0,0,0,0,1,0,0
9510,0.0,0.0,0,0.0,0,0,0,0,0,0
9511,0.0,0.0,0,0.0,0,0,1,1,1,0
9512,0.0,0.0,0,0.0,0,0,0,1,1,1
9513,0.0,0.0,0,0.0,0,0,0,1,1,0
9514,0.0,0.0,0,0.0,0,0,0,0,1,0
9515,0.0,0.0,0,0.0,0,0,0,1,0,0
9516,0.0,0.0,0,0.0,0,0,0,1,1,0
9517,0.0,0.0,0,0.0,0,0,0,1,1,0
9518,0.0,0.0,0,0.0,0,0,1,1,1,0
9519,0.0,0.0,0,0.0,0,0,0,1,0,0
9601,0.0,0.0,0,0.0,0,0,0,0,0,0
9602,0.0,0.0,0,0.0,0,0,0,0,0,0
9603,0.0,0.0,0,0.0,0,0,0,0,0,0
9604,0.0,0.0,0,0.0,0,0,0,1,1,0
9605,0.0,0.0,0,0.0,0,0,0,1,0,0
9606,0.0,0.0,0,0.0,0,0,0,1,1,0
9607,0.0,0.0,0,0.0,0,0,0,0,1,0
9608,0.0,0.0,0,0.0,0,0,0,1,1,0
9609,0.0,0.0,0,0.0,0,0,0,1,1,0
9610,0.0,0.0,0,0.0,0,0,0,1,1,0
9611,0.0,0.0,0,0.0,0,0,0,0,0,0
9613,0.0,0.0,0,0.0,0,0,0,1,0,0
9614,0.0,0.0,0,0.0,0,0,0,1,1,0
9615,0.0,0.0,0,0.0,0,0,0,1,0,0
9616,0.0,0.0,0,0.0,0,0,0,1,1,0
9617,0.0,0.0,0,0.0,0,0,1,1,1,0
9618,0.0,0.0,0,0.0,0,0,0,1,0,0
9619,0.0,0.0,0,0.0,0,0,0,1,1,0
9620,0.0,0.0,0,0.0,0,0,0,1,1,0
9701,0.0,0.0,0,0.0,0,0,0,0,0,0
9702,0.0,0.0,0,0.0,0,0,0,0,0,0
9704,,0.0,0,0.0,0,0,0,0,1,0
9705,0.0,0.0,0,0.0,0,0,1,0,0,0
9706,0.0,0.0,0,0.0,0,0,0,0,1,0
9707,0.0,0.0,0,0.0,0,0,0,1,1,0
9708,0.0,0.0,0,0.0,1,0,1,1,0,0
9709,0.0,0.0,0,0.0,0,0,0,1,0,0
9710,0.0,0.0,0,0.0,0,0,0,0,0,0
9711,0.0,0.0,0,0.0,0,0,0,0,0,0
9712,0.0,0.0,0,0.0,0,0,0,1,1,0
9713,0.0,0.0,0,0.0,0,0,0,0,0,0
9714,0.0,0.0,0,0.0,0,0,0,1,1,0
9715,0.0,0.0,0,0.0,0,0,0,1,1,0
9716,0.0,0.0,0,0.0,0,0,0,0,1,0
9717,0.0,0.0,0,0.0,0,0,1,0,1,0
9719,0.0,0.0,0,0.0,0,0,0,1,0,0
9720,0.0,0.0,0,0.0,0,0,0,1,0,0
9801,0.0,,0,0.0,0,0,0,1,0,0
9802,0.0,0.0,0,0.0,0,0,0,1,0,0
9803,0.0,0.0,0,0.0,0,0,0,1,0,0
9804,0.0,0.0,0,0.0,0,0,0,1,0,0
9805,0.0,0.0,0,0.0,0,0,0,0,1,0
9806,0.0,0.0,0,0.0,0,0,0,0,1,0
9807,0.0,0.0,0,0.0,0,0,0,1,1,0
9808,0.0,0.0,0,0.0,0,0,0,1,1,0
9809,0.0,0.0,0,0.0,0,0,0,0,0,0
9810,0.0,0.0,0,0.0,0,0,0,1,1,0
9811,0.0,1.0,1,0.0,0,0,0,0,1,0
9812,0.0,0.0,0,0.0,0,0,0,0,0,0
9813,0.0,0.0,0,0.0,1,0,0,1,1,1
9814,0.0,0.0,0,0.0,0,0,0,0,0,0
9815,0.0,0.0,0,0.0,0,0,0,1,1,0
9816,0.0,0.0,0,0.0,0,0,1,1,1,0
9817,0.0,0.0,0,0.0,0,0,0,1,0,0
9818,0.0,0.0,0,0.0,0,0,0,0,0,0
9819,0.0,0.0,0,0.0,0,0,0,0,1,0
9820,1.0,1.0,0,0.0,0,0,0,0,0,1
9901,0.0,0.0,1,0.0,0,0,1,1,0,0
9902,0.0,1.0,0,0.0,0,0,0,1,0,1
9903,0.0,0.0,0,0.0,0,0,0,1,0,0
9904,0.0,0.0,0,0.0,0,0,0,1,1,0
9905,0.0,0.0,0,0.0,1,0,1,1,1,1
9906,0.0,0.0,0,0.0,0,0,0,1,1,0
9907,0.0,0.0,0,0.0,0,0,0,0,1,0
9908,0.0,0.0,0,0.0,0,0,0,0,0,0
9909,0.0,0.0,0,0.0,0,0,0,1,1,0
9910,0.0,0.0,0,0.0,0,0,0,1,1,0
9911,0.0,0.0,0,0.0,0,0,0,1,1,0
9912,0.0,0.0,0,0.0,0,0,0,1,1,0
9913,0.0,0.0,0,0.0,0,0,0,1,1,0
9914,0.0,0.0,0,0.0,0,0,0,1,0,0
9915,0.0,0.0,0,0.0,0,0,0,1,1,0
9916,0.0,0.0,0,0.0,0,0,1,1,1,0
9917,0.0,0.0,0,0.0,0,0,0,1,1,0
9918,0.0,0.0,0,0.0,0,0,0,0,0,0
9919,0.0,0.0,0,0.0,0,0,0,0,1,0
9920,0.0,0.0,1,0.0,0,0,0,1,1,0
10001,0.0,0.0,0,0.0,0,0,0,0,1,0
10002,0.0,0.0,0,0.0,0,0,0,0,0,0
10003,0.0,0.0,0,0.0,0,0,0,0,0,0
10004,0.0,0.0,0,0.0,0,0,0,1,0,0
10005,0.0,0.0,0,0.0,0,0,0,0,1,0
10006,0.0,0.0,0,0.0,0,0,0,1,1,0
10007,0.0,0.0,0,0.0,0,0,0,1,1,0
10008,0.0,1.0,0,0.0,0,0,0,1,0,0
10009,0.0,0.0,0,0.0,0,0,0,0,0,0
10010,0.0,0.0,0,0.0,0,0,0,0,0,0
10011,0.0,0.0,0,0.0,0,0,1,1,1,0
10012,0.0,0.0,0,0.0,0,0,0,0,1,0
10013,0.0,0.0,0,0.0,0,0,0,1,0,0
10014,0.0,0.0,0,0.0,0,0,0,1,1,1
10015,0.0,0.0,0,0.0,0,0,0,0,0,0
10017,0.0,0.0,0,0.0,0,0,0,0,0,0
10018,0.0,0.0,0,0.0,0,0,0,1,0,0
10019,0.0,0.0,0,0.0,0,0,0,1,0,0
10020,0.0,0.0,0,0.0,0,0,0,1,0,0
10101,0.0,0.0,0,0.0,0,0,0,0,1,0
10103,0.0,0.0,0,0.0,0,0,0,0,1,0
10104,0.0,0.0,0,0.0,0,0,1,1,1,1
10105,0.0,1.0,0,0.0,0,0,0,0,0,0
10106,0.0,0.0,0,0.0,0,0,0,1,0,0
10107,0.0,0.0,0,0.0,0,0,0,1,1,0
10108,0.0,0.0,0,0.0,0,0,0,1,1,0
10109,0.0,0.0,0,0.0,0,0,0,1,1,0
10110,0.0,0.0,0,0.0,0,0,0,0,1,0
10111,0.0,0.0,0,0.0,0,0,0,1,0,0
10112,0.0,0.0,0,0.0,0,0,0,1,1,0
10113,0.0,0.0,0,0.0,0,0,0,0,1,0
10114,0.0,0.0,0,0.0,0,0,0,1,0,0
10115,0.0,0.0,0,0.0,0,0,0,0,0,0
10116,0.0,0.0,0,0.0,0,0,0,1,1,1
10117,0.0,0.0,0,0.0,0,0,0,0,0,0
10118,0.0,0.0,0,0.0,0,0,1,1,1,0
10119,0.0,0.0,0,0.0,0,0,0,1,1,0
10120,0.0,0.0,0,0.0,0,0,0,0,0,0
10201,0.0,0.0,0,0.0,0,0,0,1,1,0
10202,0.0,0.0,0,0.0,0,0,0,1,1,0
10203,0.0,0.0,1,0.0,0,0,0,1,1,0
10204,0.0,0.0,0,0.0,0,0,0,1,0,0
10205,0.0,0.0,0,0.0,0,0,0,1,1,0
10206,0.0,0.0,0,0.0,0,0,0,1,1,0
10207,0.0,0.0,0,0.0,0,0,1,1,0,0
10208,0.0,0.0,0,0.0,0,0,1,1,1,0
10209,0.0,0.0,0,0.0,0,0,0,1,1,0
10210,0.0,1.0,0,0.0,0,0,0,1,1,0
10212,0.0,1.0,0,0.0,0,0,0,1,0,0
10213,0.0,0.0,0,0.0,0,0,1,1,1,0
10214,0.0,0.0,0,0.0,0,0,0,0,1,0
10215,0.0,0.0,0,0.0,0,0,0,0,0,0
10216,0.0,0.0,0,0.0,0,0,0,0,1,0
10217,0.0,1.0,0,0.0,0,0,0,1,1,0
10218,0.0,0.0,0,1.0,0,0,1,0,1,0
10219,0.0,0.0,0,0.0,0,0,1,1,1,0
10220,0.0,0.0,0,0.0,0,0,0,0,1,0
10301,0.0,0.0,0,0.0,0,0,0,1,1,0
10302,0.0,0.0,0,0.0,0,1,0,0,0,0
10303,0.0,0.0,0,0.0,0,0,0,1,0,1
10304,0.0,0.0,0,0.0,0,0,0,0,0,0
10305,,,0,0.0,0,0,0,1,0,0
10306,0.0,0.0,0,0.0,0,0,0,1,1,0
10308,1.0,0.0,1,0.0,0,0,0,0,1,0
10309,0.0,0.0,0,0.0,0,0,1,1,0,0
10310,0.0,0.0,0,0.0,0,0,1,1,1,0
10311,0.0,0.0,0,0.0,0,0,0,1,0,0
10312,0.0,0.0,0,0.0,0,0,0,1,1,0
10313,0.0,0.0,0,0.0,0,0,0,1,1,0
10314,0.0,0.0,0,0.0,0,0,0,1,1,0
10401,0.0,0.0,0,0.0,0,0,0,1,1,0
10403,,0.0,0,0.0,0,0,0,1,1,0
10404,0.0,0.0,0,0.0,0,0,0,0,1,0
10405,0.0,0.0,0,0.0,0,0,0,1,1,0
10406,0.0,0.0,0,0.0,0,0,0,0,1,0
10407,0.0,0.0,0,0.0,0,0,0,1,0,0
10408,0.0,0.0,0,0.0,0,0,0,0,1,0
10410,0.0,0.0,0,0.0,0,0,0,0,1,0
10411,0.0,0.0,0,0.0,0,0,0,1,1,0
10413,0.0,0.0,0,0.0,0,0,0,1,0,0
10414,0.0,0.0,0,0.0,0,0,0,0,0,0
10415,0.0,0.0,0,0.0,0,0,0,1,0,0
10416,0.0,0.0,0,0.0,0,0,0,0,1,0
10417,,0.0,1,0.0,0,0,0,1,0,0
10419,0.0,0.0,0,0.0,0,0,0,1,1,1
10501,0.0,0.0,0,0.0,0,0,0,1,1,1
10502,0.0,0.0,0,0.0,0,0,0,1,0,0
10503,0.0,0.0,0,0.0,0,0,0,0,1,0
10504,0.0,0.0,0,0.0,0,0,0,1,1,1
10505,0.0,0.0,0,0.0,0,0,0,1,1,0
10506,0.0,0.0,0,0.0,1,0,0,1,1,0
10507,0.0,1.0,0,0.0,0,0,0,0,1,0
10508,0.0,0.0,0,0.0,0,0,0,0,1,0
10509,0.0,0.0,0,0.0,0,0,1,1,1,0
10510,0.0,0.0,0,0.0,0,0,0,1,0,0
10512,0.0,0.0,0,0.0,0,0,1,1,1,0
10513,0.0,0.0,0,0.0,0,0,0,1,1,0
10514,0.0,0.0,0,0.0,0,0,1,1,0,0
10516,0.0,0.0,0,0.0,0,0,1,1,0,1
10517,0.0,1.0,1,0.0,0,1,0,0,0,0
10518,0.0,,0,0.0,0,0,0,1,0,0
10520,0.0,0.0,0,0.0,0,0,1,0,1,0
10601,0.0,0.0,0,0.0,0,0,1,1,0,0
10602,0.0,0.0,0,0.0,0,0,0,1,0,1
10605,0.0,0.0,0,0.0,0,0,0,1,0,0
10606,0.0,0.0,0,0.0,0,0,0,1,0,0
10607,0.0,0.0,0,0.0,0,0,1,1,1,0
10609,0.0,0.0,0,0.0,0,0,0,1,0,0
10610,0.0,0.0,0,0.0,0,0,0,0,1,0
10611,0.0,0.0,0,0.0,0,0,0,1,1,0
10613,0.0,0.0,0,0.0,0,0,0,0,0,0
10614,,,0,0.0,0,0,1,1,0,0
10615,0.0,0.0,0,0.0,0,0,1,0,0,0
10616,0.0,0.0,0,0.0,0,0,1,1,1,0
10617,0.0,0.0,0,0.0,0,0,0,1,1,0
10618,0.0,0.0,0,0.0,0,0,1,1,1,0
10619,0.0,0.0,0,0.0,0,0,0,1,1,0
10620,0.0,0.0,0,0.0,0,0,1,0,1,0
10701,0.0,0.0,0,0.0,1,0,1,1,1,0
10703,0.0,0.0,0,0.0,0,0,0,0,0,0
10706,0.0,0.0,0,0.0,0,0,0,1,1,0
10707,0.0,0.0,0,0.0,0,0,0,1,0,0
10708,0.0,0.0,1,0.0,0,0,0,1,0,0
10709,0.0,0.0,0,0.0,0,0,0,0,0,0
10710,0.0,0.0,0,0.0,0,0,0,1,0,0
10711,0.0,0.0,0,0.0,0,0,0,1,1,0
10712,0.0,0.0,0,0.0,0,0,1,1,1,0
10713,0.0,0.0,0,0.0,0,0,0,1,0,0
10714,0.0,0.0,0,0.0,0,0,0,0,0,0
10716,0.0,0.0,0,0.0,0,0,1,1,1,0
10717,,,0,0.0,0,0,1,1,0,0
10718,0.0,0.0,1,0.0,0,0,1,0,1,0
10719,0.0,0.0,0,0.0,0,0,1,1,0,0
10720,0.0,0.0,0,0.0,0,0,1,1,0,0
10801,0.0,0.0,1,0.0,0,0,0,1,1,0
10802,0.0,0.0,0,0.0,0,0,0,1,1,0
10803,0.0,0.0,0,0.0,0,0,0,1,1,0
10804,0.0,0.0,0,0.0,0,0,1,1,1,0
10805,0.0,0.0,0,0.0,0,0,0,1,0,0
10806,0.0,0.0,0,0.0,0,0,0,1,0,0
10807,0.0,0.0,0,0.0,0,0,0,1,1,0
10808,0.0,0.0,0,0.0,0,0,0,1,0,0
10809,0.0,0.0,0,0.0,0,0,0,1,1,1
10810,0.0,0.0,0,0.0,0,0,0,1,0,0
10811,0.0,0.0,0,0.0,0,0,0,1,1,0
10812,0.0,0.0,0,0.0,0,0,1,1,1,0
10813,0.0,0.0,0,0.0,0,0,0,1,0,0
10814,0.0,0.0,0,0.0,0,0,0,0,0,0
10815,0.0,0.0,0,0.0,0,0,0,1,1,0
10816,0.0,0.0,0,0.0,0,0,0,1,0,1
10817,0.0,0.0,0,0.0,0,0,0,1,1,1
10818,0.0,0.0,0,0.0,0,0,0,1,0,0
10819,0.0,0.0,0,0.0,0,0,0,1,0,0
10901,0.0,0.0,0,0.0,0,0,0,1,0,0
10902,0.0,0.0,0,1.0,0,0,0,1,1,1
10903,0.0,0.0,0,0.0,0,0,1,1,0,0
10904,0.0,0.0,0,0.0,0,0,0,1,0,1
10905,0.0,0.0,0,0.0,0,0,0,1,0,0
10906,0.0,0.0,0,0.0,0,0,0,0,0,0
10907,0.0,0.0,0,0.0,0,0,0,1,1,0
10908,0.0,0.0,0,0.0,1,0,0,1,1,1
10909,0.0,0.0,0,0.0,0,0,0,1,1,0
10910,0.0,0.0,0,0.0,0,0,0,1,1,0
10911,0.0,0.0,1,0.0,0,0,0,0,1,0
10912,0.0,0.0,0,0.0,0,0,0,0,1,0
10913,0.0,0.0,0,0.0,0,0,1,1,1,0
10914,0.0,0.0,0,0.0,0,0,0,1,1,0
10915,0.0,0.0,0,0.0,0,0,0,1,1,0
10916,0.0,0.0,0,0.0,0,0,0,1,1,0
10918,0.0,0.0,0,0.0,0,0,0,0,1,0
10919,0.0,0.0,0,1.0,1,0,0,1,1,1
10920,0.0,0.0,0,0.0,0,0,0,1,1,1
11001,0.0,0.0,0,0.0,1,0,0,0,1,0
11002,0.0,0.0,0,0.0,0,0,0,1,1,0
11003,0.0,0.0,0,0.0,0,0,0,1,1,0
11004,0.0,0.0,0,0.0,0,0,0,1,1,1
11005,0.0,0.0,0,0.0,0,0,0,0,1,0
11006,0.0,0.0,0,0.0,0,0,1,1,0,0
11007,0.0,0.0,0,0.0,0,0,0,1,1,0
11008,0.0,0.0,0,0.0,0,0,0,1,1,1
11009,,,0,0.0,0,0,1,1,1,1
11010,0.0,0.0,0,0.0,0,0,0,1,1,0
11011,,,0,0.0,0,0,0,0,0,0
11012,0.0,0.0,0,0.0,1,0,0,0,0,1
11013,0.0,0.0,0,0.0,0,0,0,1,1,0
11014,0.0,0.0,0,0.0,0,0,0,0,1,0
11015,0.0,0.0,0,0.0,1,0,1,1,1,0
11016,0.0,0.0,0,0.0,0,0,0,1,1,0
11017,0.0,0.0,0,0.0,0,0,1,1,0,0
11019,0.0,0.0,0,0.0,0,0,0,1,1,0
11020,0.0,0.0,0,0.0,0,0,0,0,0,0
11101,0.0,0.0,0,0.0,0,0,0,1,1,0
11102,0.0,0.0,0,0.0,0,0,0,1,1,0
11103,0.0,0.0,0,0.0,0,0,0,1,1,0
11104,0.0,0.0,0,0.0,1,0,0,0,0,0
11105,0.0,0.0,0,0.0,0,0,1,0,1,1
11106,0.0,0.0,0,1.0,0,0,0,1,0,0
11107,0.0,0.0,0,0.0,1,0,0,1,0,0
11108,0.0,0.0,0,1.0,0,0,0,1,1,1
11110,0.0,0.0,0,0.0,0,0,0,1,1,1
11111,0.0,0.0,0,0.0,0,0,0,1,1,0
11112,0.0,0.0,0,0.0,0,0,0,0,1,1
11113,0.0,0.0,0,0.0,0,0,0,1,1,0
11114,0.0,0.0,0,0.0,0,0,0,0,1,0
11115,0.0,0.0,0,0.0,0,0,0,1,1,0
11116,0.0,0.0,0,0.0,0,0,0,1,1,0
11117,0.0,0.0,0,0.0,0,0,1,1,1,0
11118,0.0,0.0,0,0.0,1,0,0,1,1,0
11119,0.0,0.0,0,0.0,0,0,0,0,1,1
11201,0.0,0.0,0,0.0,0,0,0,1,0,0
11202,0.0,0.0,0,0.0,0,0,0,0,0,0
11203,0.0,0.0,0,0.0,0,0,0,1,0,0
11204,0.0,0.0,0,0.0,0,0,0,1,0,0
11206,0.0,0.0,0,0.0,0,0,0,1,0,0
11208,0.0,0.0,0,0.0,0,0,0,1,0,0
11209,0.0,0.0,0,0.0,0,0,0,1,0,0
11210,0.0,0.0,1,0.0,0,0,0,0,0,1
11211,0.0,0.0,0,0.0,0,0,0,1,0,0
11212,0.0,0.0,0,0.0,0,0,0,0,0,0
11213,0.0,0.0,0,0.0,0,0,0,0,0,0
11214,0.0,0.0,1,0.0,0,0,0,0,0,0
11215,0.0,0.0,0,0.0,0,0,0,1,0,0
11218,0.0,0.0,0,0.0,0,0,0,1,0,0
11219,0.0,0.0,0,0.0,0,0,0,1,0,0
11220,0.0,0.0,0,0.0,0,0,0,0,0,0
11301,0.0,0.0,0,0.0,0,0,0,1,0,0
11302,0.0,0.0,0,0.0,0,0,0,0,0,0
11303,0.0,0.0,0,0.0,0,0,0,1,0,0
11304,0.0,0.0,0,0.0,0,0,0,0,0,0
11305,0.0,0.0,0,0.0,0,0,0,0,0,0
11306,0.0,0.0,0,0.0,0,0,0,0,0,0
11307,0.0,0.0,0,0.0,0,0,0,0,0,0
11308,0.0,0.0,0,0.0,0,0,0,1,0,0
11309,0.0,0.0,0,0.0,0,0,1,1,0,0
11310,0.0,0.0,0,0.0,0,0,0,1,0,0
11311,0.0,0.0,0,0.0,0,0,0,0,0,0
11312,0.0,0.0,1,0.0,0,0,1,0,1,0
11313,0.0,0.0,0,0.0,0,0,0,0,0,0
11314,0.0,0.0,0,0.0,0,0,0,0,0,0
11315,0.0,0.0,0,0.0,0,0,0,0,0,0
11316,0.0,0.0,0,0.0,0,0,0,0,0,0
11317,0.0,0.0,0,0.0,0,0,0,0,0,0
11318,0.0,0.0,0,0.0,0,0,0,0,0,0
11319,0.0,0.0,0,0.0,0,0,0,0,0,0
11320,0.0,0.0,0,0.0,0,0,0,0,0,0
11401,0.0,0.0,0,0.0,0,0,0,1,0,0
11402,0.0,0.0,0,0.0,0,0,0,0,0,0
11403,0.0,0.0,0,0.0,0,0,0,1,0,0
11404,0.0,0.0,0,0.0,0,0,0,0,0,0
11405,0.0,0.0,0,0.0,0,0,0,0,0,0
11406,0.0,0.0,0,0.0,0,0,0,1,0,0
11407,0.0,0.0,0,0.0,0,0,0,0,0,0
11408,0.0,0.0,0,0.0,0,0,0,0,0,0
11409,0.0,0.0,0,0.0,0,0,0,0,0,0
11410,0.0,0.0,1,0.0,0,0,0,0,0,0
11411,0.0,0.0,1,0.0,0,0,0,0,1,0
11412,0.0,0.0,0,0.0,0,0,0,0,1,0
11413,0.0,0.0,0,0.0,0,0,1,0,1,0
11414,0.0,0.0,0,0.0,0,0,0,0,1,0
11415,0.0,0.0,1,0.0,0,0,0,0,1,0
11416,0.0,0.0,0,0.0,0,0,0,1,0,0
11417,0.0,0.0,0,0.0,0,0,0,1,0,0
11419,0.0,0.0,0,0.0,0,0,0,0,0,0
11420,0.0,0.0,0,0.0,0,0,0,1,0,0
11501,0.0,0.0,0,0.0,0,0,0,0,1,0
11502,1.0,0.0,0,0.0,0,0,0,0,0,0
11503,0.0,0.0,0,0.0,0,0,0,0,0,0
11504,0.0,0.0,0,0.0,0,0,0,0,0,0
11505,0.0,0.0,0,0.0,0,0,0,0,0,0
11506,0.0,0.0,0,0.0,0,0,0,1,0,0
11507,0.0,0.0,0,0.0,0,0,0,0,0,0
11508,0.0,0.0,0,0.0,0,0,1,0,0,0
11509,0.0,0.0,0,0.0,0,0,0,1,0,0
11510,0.0,0.0,0,0.0,0,0,0,1,0,0
11511,0.0,0.0,0,0.0,0,0,0,0,0,0
11512,0.0,0.0,0,0.0,0,0,0,0,0,0
11513,1.0,0.0,0,0.0,0,0,0,1,0,0
11514,0.0,0.0,0,0.0,0,0,0,0,0,0
11515,0.0,0.0,0,0.0,0,0,0,0,0,0
11516,0.0,0.0,0,0.0,0,0,0,0,0,0
11517,0.0,0.0,0,0.0,0,0,0,0,0,0
11518,0.0,0.0,0,0.0,0,0,0,1,0,0
11519,0.0,0.0,0,0.0,0,0,0,1,0,0
11520,0.0,0.0,0,0.0,0,0,0,1,0,0
11601,0.0,0.0,0,0.0,0,0,0,0,0,0
11602,0.0,0.0,0,0.0,0,0,0,1,0,0
11603,0.0,0.0,0,1.0,1,0,1,0,1,0
11604,0.0,0.0,0,0.0,0,0,0,0,0,0
11605,0.0,0.0,0,0.0,0,0,0,0,0,0
11606,0.0,0.0,0,0.0,0,0,0,0,0,0
11607,0.0,0.0,1,0.0,0,0,0,0,0,0
11608,0.0,0.0,0,0.0,0,0,0,0,0,0
11609,0.0,0.0,0,0.0,0,0,0,0,0,1
11610,0.0,0.0,0,0.0,0,0,0,0,0,0
11612,0.0,0.0,1,0.0,0,0,0,1,0,0
11613,0.0,0.0,0,0.0,0,0,0,0,1,0
11614,0.0,0.0,0,0.0,0,0,0,1,0,0
11615,0.0,0.0,0,0.0,0,0,0,0,0,0
11616,0.0,0.0,0,0.0,0,0,0,0,1,0
11617,0.0,0.0,0,0.0,0,0,0,0,0,0
11618,0.0,0.0,0,0.0,0,0,0,0,0,0
11619,0.0,0.0,0,0.0,0,0,0,0,0,0
11620,0.0,0.0,0,0.0,0,0,1,1,0,0
11701,0.0,0.0,0,0.0,0,0,0,0,0,0
11703,0.0,0.0,0,0.0,0,0,0,0,0,0
11704,0.0,0.0,0,0.0,0,0,0,1,0,0
11705,0.0,0.0,0,0.0,0,0,0,1,0,0
11706,0.0,0.0,0,0.0,0,0,0,1,0,0
11707,0.0,1.0,0,0.0,0,0,0,0,0,0
11708,0.0,0.0,0,0.0,0,0,0,1,0,0
11709,0.0,0.0,0,0.0,0,0,0,0,0,0
11710,0.0,0.0,0,0.0,0,0,0,1,1,0
11711,0.0,0.0,0,0.0,0,0,0,0,0,0
11712,0.0,0.0,1,0.0,0,0,0,0,0,0
11713,0.0,0.0,0,0.0,0,0,0,1,0,0
11714,0.0,0.0,0,0.0,0,0,0,1,0,0
11715,0.0,0.0,0,0.0,0,0,0,0,0,0
11716,0.0,0.0,0,0.0,0,0,0,1,1,0
11717,0.0,0.0,0,0.0,0,0,0,1,0,0
11718,0.0,0.0,0,0.0,0,0,0,0,0,0
11719,0.0,0.0,0,0.0,0,0,0,0,0,0
11720,0.0,0.0,0,0.0,0,0,0,0,1,0
11801,0.0,0.0,1,0.0,0,0,0,1,0,0
11802,0.0,0.0,0,0.0,0,0,0,0,0,0
11803,0.0,1.0,1,0.0,0,0,0,1,0,0
11804,0.0,1.0,1,0.0,0,0,1,0,0,0
11805,0.0,0.0,0,0.0,0,0,0,1,0,0
11806,,0.0,0,0.0,0,0,0,1,0,0
11807,0.0,0.0,1,0.0,0,0,0,1,0,0
11808,0.0,0.0,1,0.0,0,0,0,0,0,0
11809,0.0,0.0,0,0.0,0,0,0,0,1,0
11810,0.0,0.0,0,0.0,0,0,0,0,0,0
11811,0.0,0.0,0,0.0,0,0,0,1,0,0
11812,0.0,0.0,0,0.0,0,0,0,0,0,0
11813,0.0,0.0,1,0.0,0,0,0,0,0,0
11814,0.0,0.0,0,0.0,0,0,0,0,0,0
11815,0.0,0.0,0,0.0,0,0,0,0,1,1
11816,0.0,0.0,1,0.0,0,0,0,0,0,0
11817,0.0,0.0,0,0.0,0,0,0,0,0,0
11818,0.0,0.0,0,0.0,0,0,0,0,0,0
11819,0.0,0.0,0,0.0,0,0,1,0,0,0
11820,0.0,1.0,0,0.0,0,0,0,1,0,0
11901,0.0,0.0,0,0.0,0,0,0,0,0,0
11902,0.0,0.0,0,0.0,0,0,0,0,1,0
11903,0.0,0.0,0,0.0,0,0,0,0,1,0
11904,0.0,0.0,0,0.0,0,0,0,0,0,0
11905,0.0,0.0,0,0.0,0,0,0,0,0,0
11907,0.0,0.0,0,0.0,0,0,0,0,0,0
11908,0.0,0.0,0,0.0,0,0,0,1,0,1
11909,0.0,0.0,0,0.0,0,0,0,0,0,0
11910,0.0,0.0,0,0.0,0,0,0,0,0,0
11911,0.0,0.0,0,0.0,0,0,0,0,0,0
11912,0.0,0.0,0,0.0,0,0,0,0,0,0
11913,0.0,0.0,0,0.0,0,0,0,1,0,0
11914,0.0,0.0,0,0.0,0,0,0,0,0,0
11915,0.0,0.0,0,0.0,0,0,0,0,0,0
11916,0.0,0.0,0,0.0,0,0,0,0,0,0
11917,0.0,0.0,0,0.0,0,0,0,0,0,0
11918,0.0,0.0,0,0.0,0,0,0,1,0,0
11919,0.0,1.0,0,0.0,0,0,0,0,0,0
11920,0.0,0.0,0,0.0,0,0,0,0,0,0
12001,0.0,0.0,0,0.0,0,0,0,1,1,0
12002,0.0,0.0,0,0.0,0,0,0,0,0,0
12004,0.0,0.0,0,0.0,0,0,1,1,0,0
12006,0.0,0.0,0,0.0,0,0,0,0,0,0
12009,0.0,0.0,0,0.0,0,0,0,0,0,0
12010,0.0,0.0,0,0.0,0,0,0,1,0,0
12011,0.0,1.0,0,0.0,0,0,0,0,0,0
12012,0.0,0.0,0,0.0,1,0,0,1,0,0
12013,0.0,0.0,0,0.0,0,0,0,0,0,0
12014,0.0,0.0,0,0.0,0,0,0,0,0,0
12015,0.0,0.0,0,0.0,0,0,0,0,0,0
12016,0.0,1.0,0,0.0,0,0,0,1,0,0
12017,0.0,0.0,0,0.0,0,0,1,1,1,0
12018,0.0,0.0,0,0.0,0,0,0,1,0,0
12019,0.0,0.0,0,0.0,0,0,0,0,0,0
12020,0.0,0.0,0,0.0,0,0,0,0,0,0
12101,0.0,0.0,0,0.0,0,0,0,1,0,0
12105,0.0,0.0,0,0.0,0,0,0,0,0,0
12106,0.0,0.0,0,0.0,0,0,0,0,0,0
12107,0.0,0.0,0,0.0,0,0,0,0,0,0
12108,0.0,1.0,1,0.0,1,0,1,1,0,0
12109,0.0,0.0,1,0.0,0,0,0,0,0,0
12110,0.0,0.0,1,0.0,0,0,0,0,0,0
12111,0.0,0.0,0,0.0,0,0,0,0,0,0
12112,0.0,0.0,0,0.0,0,0,0,1,0,0
12113,0.0,0.0,0,0.0,0,0,0,1,0,0
12114,0.0,0.0,1,0.0,0,0,0,1,1,0
12115,0.0,0.0,0,0.0,0,0,0,0,0,0
12116,0.0,0.0,0,0.0,0,0,0,0,0,0
12117,0.0,0.0,0,0.0,0,0,0,0,1,0
12118,0.0,0.0,0,0.0,0,0,0,1,0,0
12119,0.0,0.0,0,0.0,0,0,0,1,1,0
12120,0.0,0.0,1,0.0,0,0,0,0,1,0
12201,0.0,0.0,0,0.0,0,0,0,0,0,0
12202,0.0,0.0,0,0.0,0,0,0,1,1,0
12203,0.0,0.0,0,0.0,0,0,1,0,1,0
12204,0.0,0.0,0,0.0,0,0,0,1,0,0
12205,0.0,0.0,0,0.0,0,0,1,0,1,0
12206,0.0,0.0,0,0.0,0,0,0,0,0,0
12207,0.0,0.0,0,0.0,0,0,0,0,0,0
12208,0.0,0.0,0,0.0,0,0,0,0,0,0
12209,0.0,0.0,0,0.0,0,0,1,0,0,0
12210,0.0,0.0,0,0.0,0,0,0,0,0,0
12211,0.0,0.0,0,0.0,0,0,0,0,0,0
12212,0.0,0.0,0,0.0,0,0,0,0,0,0
12213,0.0,0.0,0,0.0,0,0,0,0,0,0
12214,0.0,0.0,0,0.0,0,0,0,0,0,0
12215,0.0,0.0,1,0.0,0,0,0,0,0,0
12216,0.0,0.0,0,0.0,0,0,0,0,0,0
12217,0.0,0.0,0,0.0,0,0,0,0,0,0
12219,0.0,0.0,0,0.0,0,0,0,0,0,0
12220,0.0,0.0,0,0.0,0,0,0,1,1,0
12301,0.0,0.0,0,0.0,0,0,0,0,0,0
12302,0.0,0.0,0,0.0,0,1,0,0,0,0
12304,0.0,0.0,0,0.0,0,0,0,1,0,1
12305,0.0,0.0,0,0.0,0,0,0,1,0,0
12306,0.0,0.0,0,0.0,0,0,0,0,0,0
12307,0.0,0.0,0,0.0,0,0,0,1,1,0
12309,0.0,0.0,0,0.0,0,0,0,0,1,0
12310,0.0,0.0,0,0.0,0,0,0,0,0,0
12311,0.0,0.0,0,0.0,0,0,0,0,0,0
12312,0.0,0.0,0,0.0,0,0,0,0,0,0
12313,0.0,0.0,0,0.0,0,0,0,0,0,0
12314,0.0,0.0,0,0.0,0,0,0,1,0,0
12315,0.0,0.0,0,0.0,0,0,0,0,0,0
12316,0.0,0.0,0,0.0,0,0,0,0,1,1
12317,0.0,0.0,0,0.0,0,0,0,0,0,0
12318,0.0,0.0,0,0.0,0,0,0,0,0,0
12319,0.0,0.0,0,0.0,0,0,0,1,0,0
12320,0.0,0.0,0,0.0,0,0,0,0,0,0
12401,0.0,0.0,0,0.0,0,0,0,0,0,0
12402,0.0,0.0,1,0.0,0,0,0,0,1,0
12403,0.0,0.0,0,0.0,0,0,0,0,0,0
12404,0.0,0.0,0,0.0,0,0,1,0,1,0
12405,0.0,0.0,0,0.0,0,0,0,0,0,0
12406,0.0,0.0,0,0.0,0,0,0,0,0,0
12407,,0.0,0,0.0,0,0,0,0,0,0
12408,0.0,0.0,0,0.0,0,0,0,0,0,0
12409,0.0,0.0,0,0.0,0,0,0,0,0,0
12410,0.0,0.0,0,0.0,0,0,0,0,0,0
12411,0.0,0.0,1,0.0,0,0,0,0,0,0
12412,0.0,0.0,0,0.0,0,0,0,0,0,0
12413,0.0,0.0,0,0.0,0,0,0,0,0,0
12414,0.0,0.0,1,0.0,0,0,0,1,0,0
12415,0.0,0.0,0,0.0,0,0,0,0,0,0
12416,0.0,0.0,0,0.0,0,0,0,0,0,0
12417,0.0,0.0,0,0.0,0,0,1,0,0,0
12419,0.0,0.0,0,0.0,0,0,0,0,1,0
12420,0.0,0.0,0,0.0,0,0,0,0,0,0
12501,0.0,0.0,0,0.0,0,0,0,0,0,0
12502,0.0,1.0,0,0.0,0,0,0,0,0,0
12503,0.0,0.0,0,0.0,0,0,0,1,0,0
12504,0.0,0.0,1,0.0,0,0,0,0,0,0
12505,0.0,0.0,0,0.0,0,0,0,0,1,0
12506,0.0,0.0,0,0.0,0,0,0,0,0,0
12507,0.0,0.0,0,0.0,0,0,0,0,0,0
12508,0.0,0.0,0,0.0,0,0,0,0,0,0
12509,0.0,1.0,0,0.0,0,0,0,0,0,0
12511,0.0,0.0,0,0.0,0,0,0,0,1,0
12512,0.0,1.0,0,0.0,0,0,0,1,0,0
12513,0.0,0.0,0,0.0,0,0,0,1,0,0
12514,0.0,0.0,1,0.0,0,0,1,1,0,0
12515,0.0,0.0,0,0.0,0,0,0,0,0,0
12516,0.0,0.0,0,0.0,0,0,1,1,0,0
12517,0.0,0.0,0,0.0,0,0,0,0,0,0
12518,0.0,0.0,1,0.0,0,0,0,0,0,0
12519,0.0,0.0,0,0.0,0,0,0,0,0,0
12520,0.0,0.0,0,0.0,0,0,0,0,0,0
12601,0.0,0.0,0,0.0,0,0,0,0,0,0
12602,0.0,0.0,0,0.0,0,0,0,0,0,0
12603,0.0,0.0,1,0.0,0,0,1,1,0,0
12604,0.0,0.0,0,0.0,0,0,0,0,0,0
12605,0.0,0.0,1,0.0,0,0,0,1,0,0
12606,0.0,0.0,0,0.0,0,0,0,0,0,0
12607,0.0,0.0,1,0.0,0,0,0,0,0,0
12608,0.0,0.0,0,0.0,0,0,0,0,0,0
12609,0.0,0.0,0,0.0,0,0,0,0,0,0
12610,0.0,0.0,0,0.0,0,0,0,0,0,0
12612,0.0,0.0,0,0.0,0,0,0,0,0,0
12613,0.0,0.0,1,0.0,0,0,0,0,0,0
12614,0.0,0.0,0,0.0,0,0,0,0,0,0
12615,0.0,0.0,0,0.0,0,0,0,0,0,0
12616,0.0,0.0,0,0.0,0,0,0,0,1,0
12617,0.0,1.0,0,0.0,0,0,1,0,1,0
12618,0.0,0.0,0,0.0,0,0,0,0,0,0
12619,0.0,1.0,0,0.0,0,0,0,1,0,0
12620,0.0,1.0,0,0.0,0,0,0,0,1,0
12702,0.0,0.0,1,0.0,0,0,0,0,0,0
12703,0.0,0.0,0,0.0,0,0,0,0,0,0
12704,0.0,0.0,0,0.0,0,0,0,0,1,0
12705,0.0,0.0,0,0.0,0,0,0,0,0,0
12706,,0.0,0,0.0,0,0,0,0,1,0
12707,0.0,0.0,0,0.0,0,0,0,1,0,1
12708,0.0,0.0,0,0.0,0,0,0,1,0,0
12709,0.0,0.0,0,0.0,0,0,0,0,0,0
12710,0.0,0.0,1,0.0,0,0,0,1,0,0
12712,0.0,0.0,0,0.0,0,0,0,0,0,0
12713,0.0,0.0,0,0.0,0,0,0,1,1,0
12714,0.0,0.0,1,0.0,0,0,0,1,0,0
12715,0.0,0.0,0,0.0,0,0,0,0,0,0
12716,0.0,,0,0.0,0,0,0,0,0,0
12717,0.0,0.0,0,0.0,0,0,0,0,0,0
12718,0.0,1.0,0,0.0,0,0,0,0,0,0
12719,0.0,0.0,0,0.0,0,0,0,1,0,0
12720,0.0,0.0,0,0.0,0,0,0,0,0,0
12801,0.0,0.0,0,0.0,0,0,0,1,0,0
12802,0.0,0.0,0,0.0,0,0,1,1,1,0
12803,0.0,0.0,0,0.0,0,0,0,1,0,0
12804,0.0,0.0,0,0.0,0,0,0,0,0,0
12805,0.0,0.0,0,0.0,0,0,0,0,0,0
12806,0.0,0.0,0,0.0,0,0,0,0,0,0
12807,0.0,0.0,0,0.0,0,0,0,1,0,0
12808,0.0,0.0,0,0.0,0,0,1,0,0,0
12809,0.0,1.0,0,0.0,0,0,0,0,1,0
12810,0.0,0.0,0,0.0,0,0,0,0,0,0
12811,0.0,0.0,0,0.0,0,0,0,0,1,0
12812,0.0,0.0,0,0.0,0,0,0,0,0,0
12813,0.0,0.0,0,0.0,0,0,0,1,0,0
12814,0.0,0.0,0,0.0,0,0,1,0,0,0
12815,0.0,0.0,0,0.0,0,0,0,1,0,0
12816,0.0,0.0,0,0.0,0,0,1,0,1,0
12817,0.0,0.0,0,0.0,0,0,0,1,0,0
12818,0.0,0.0,0,0.0,0,0,0,0,0,0
12819,0.0,0.0,0,0.0,0,0,0,1,0,0
12820,0.0,0.0,0,0.0,0,0,0,0,0,0
12901,0.0,0.0,0,0.0,0,0,0,0,0,0
12902,0.0,,0,0.0,0,0,0,0,0,0
12903,0.0,0.0,0,0.0,0,0,0,0,0,0
12904,,,1,0.0,0,0,0,1,0,0
12905,0.0,0.0,0,0.0,0,0,0,0,1,0
12906,1.0,0.0,0,0.0,0,0,0,0,0,0
12907,1.0,0.0,0,0.0,0,0,1,0,0,0
12908,0.0,0.0,1,0.0,0,0,0,0,0,0
12910,0.0,0.0,0,0.0,0,0,0,1,0,0
12911,0.0,0.0,0,0.0,0,0,0,1,0,0
12912,0.0,0.0,0,0.0,0,0,0,0,0,0
12913,0.0,0.0,0,0.0,0,0,0,0,0,0
12914,0.0,0.0,0,0.0,0,0,0,0,0,0
12915,0.0,0.0,0,1.0,1,0,0,0,0,0
12917,0.0,0.0,0,0.0,0,0,0,0,1,0
12918,0.0,0.0,0,0.0,0,0,0,0,0,0
12919,0.0,0.0,0,0.0,0,0,0,1,0,0
12920,0.0,0.0,0,0.0,0,0,0,1,0,0
13001,0.0,0.0,0,0.0,0,0,0,1,1,1
13002,0.0,0.0,0,0.0,0,0,0,1,1,0
13003,0.0,0.0,0,0.0,0,0,0,1,1,0
13004,0.0,0.0,0,0.0,0,0,0,1,1,0
13005,0.0,0.0,0,0.0,0,0,0,1,1,0
13006,0.0,0.0,0,0.0,1,0,0,1,0,1
13007,0.0,0.0,0,0.0,0,0,0,1,0,0
13008,0.0,0.0,0,0.0,0,0,0,1,1,0
13009,0.0,0.0,0,0.0,0,0,0,1,1,0
13010,0.0,0.0,0,0.0,0,0,0,1,1,1
13011,0.0,0.0,0,0.0,0,0,0,1,0,0
13012,0.0,0.0,0,0.0,0,0,0,1,1,0
13013,0.0,0.0,0,0.0,0,0,0,1,0,0
13014,0.0,0.0,0,0.0,0,0,0,1,0,0
13015,,0.0,0,0.0,0,0,0,1,1,0
13016,0.0,0.0,0,0.0,0,0,0,1,1,0
13017,0.0,0.0,0,0.0,0,0,0,1,1,0
13018,0.0,0.0,0,0.0,0,0,0,1,0,0
13019,0.0,0.0,0,0.0,1,0,0,1,0,0
13020,0.0,0.0,0,0.0,0,0,0,1,0,0
13101,0.0,0.0,0,0.0,0,0,0,0,1,0
13102,0.0,0.0,0,0.0,0,0,0,1,0,0
13103,0.0,0.0,0,0.0,0,0,1,1,1,1
13105,0.0,0.0,0,0.0,0,0,0,0,0,0
13106,0.0,0.0,0,0.0,0,0,0,0,1,0
13107,0.0,0.0,0,0.0,1,0,0,0,1,0
13108,0.0,0.0,0,0.0,0,0,0,0,1,0
13109,0.0,0.0,0,0.0,0,0,0,0,1,0
13110,0.0,0.0,0,0.0,0,0,0,0,0,0
13111,0.0,0.0,0,0.0,0,0,0,0,1,0
13112,0.0,0.0,0,0.0,1,0,0,1,1,1
13113,0.0,0.0,0,0.0,0,0,0,0,1,0
13114,0.0,0.0,0,0.0,0,0,0,0,1,0
13116,0.0,0.0,0,0.0,0,0,0,1,1,0
13117,0.0,0.0,0,0.0,0,0,1,1,0,0
13118,0.0,0.0,0,0.0,0,0,0,1,0,0
13120,0.0,0.0,0,0.0,0,0,0,1,0,0
13201,0.0,0.0,0,0.0,0,0,0,1,1,0
13202,0.0,0.0,0,0.0,1,0,0,1,0,0
13203,0.0,0.0,0,0.0,1,0,0,1,1,0
13204,0.0,0.0,0,0.0,0,0,0,1,1,1
13205,0.0,0.0,0,0.0,1,0,0,0,1,1
13206,0.0,0.0,0,0.0,0,0,0,0,0,0
13207,0.0,0.0,0,0.0,0,0,0,0,0,0
13208,0.0,0.0,0,0.0,0,0,0,0,0,0
13209,0.0,0.0,0,0.0,0,0,0,1,1,0
13210,0.0,0.0,0,0.0,0,0,0,0,1,0
13211,0.0,0.0,0,0.0,0,0,0,0,1,0
13212,0.0,0.0,0,0.0,0,0,0,0,0,0
13213,0.0,0.0,0,0.0,0,0,0,0,0,0
13214,,0.0,0,0.0,0,0,0,1,1,0
13215,0.0,0.0,0,0.0,1,0,0,0,1,0
13216,0.0,0.0,0,0.0,0,0,0,0,1,0
13217,0.0,0.0,0,0.0,0,1,0,0,1,0
13219,0.0,0.0,0,0.0,0,0,0,1,0,0
13220,0.0,0.0,0,0.0,0,0,0,0,1,0
13301,0.0,0.0,0,0.0,0,0,0,0,1,0
13302,0.0,0.0,0,0.0,1,0,0,0,1,0
13303,0.0,0.0,0,0.0,0,0,0,0,1,0
13305,0.0,0.0,0,0.0,0,0,0,0,0,0
13306,0.0,0.0,0,0.0,0,0,0,0,1,0
13307,0.0,0.0,0,0.0,1,0,0,0,1,0
13308,0.0,0.0,0,0.0,0,0,0,0,1,0
13309,0.0,0.0,0,0.0,0,0,0,0,1,0
13310,0.0,0.0,0,0.0,0,0,0,0,1,0
13311,0.0,0.0,0,0.0,0,0,0,0,1,0
13313,0.0,0.0,0,0.0,0,0,0,0,1,0
13314,0.0,0.0,0,0.0,0,0,0,0,1,0
13315,,0.0,0,0.0,0,0,0,0,1,0
13402,0.0,0.0,0,0.0,0,0,0,1,0,0
13404,0.0,0.0,0,0.0,0,0,0,1,0,0
13405,0.0,0.0,0,0.0,1,0,0,1,1,0
13406,0.0,0.0,0,0.0,0,0,1,1,1,0
13407,0.0,0.0,0,0.0,0,0,0,1,1,0
13408,0.0,0.0,0,0.0,0,0,0,1,1,0
13409,0.0,0.0,0,0.0,0,0,0,1,1,0
13410,1.0,0.0,0,0.0,0,0,0,1,1,0
13411,0.0,0.0,0,0.0,0,0,0,1,1,0
13412,0.0,0.0,0,0.0,0,0,0,1,1,0
13413,0.0,0.0,0,0.0,1,0,0,1,1,1
13414,0.0,0.0,1,0.0,0,0,0,1,1,0
13415,0.0,0.0,0,0.0,0,0,0,1,0,0
13416,0.0,0.0,0,0.0,0,0,0,1,1,0
13417,0.0,0.0,0,0.0,0,0,0,1,1,0
13419,0.0,0.0,0,0.0,1,0,0,1,1,0
13420,0.0,0.0,0,0.0,0,0,0,0,1,0
13501,0.0,0.0,0,0.0,0,0,0,1,1,0
13502,0.0,0.0,0,0.0,0,0,0,1,0,0
13503,0.0,0.0,0,0.0,0,0,0,1,0,0
13504,0.0,0.0,0,0.0,0,0,0,0,1,0
13505,0.0,0.0,0,0.0,0,0,0,0,1,0
13506,0.0,0.0,0,0.0,1,0,0,1,1,0
13507,0.0,0.0,0,0.0,0,0,0,1,0,0
13508,0.0,0.0,0,0.0,0,0,0,1,1,0
13510,0.0,0.0,0,0.0,1,0,0,1,1,0
13511,0.0,1.0,0,0.0,0,0,0,1,1,0
13512,0.0,0.0,0,0.0,0,0,1,1,1,0
13513,0.0,0.0,0,0.0,0,0,0,1,1,1
13514,0.0,0.0,0,0.0,0,0,0,0,1,0
13515,0.0,0.0,0,0.0,0,0,0,1,1,0
13518,0.0,0.0,0,0.0,0,0,1,1,1,0
13520,0.0,0.0,0,0.0,0,0,0,0,1,0
13601,0.0,0.0,0,0.0,0,0,0,1,1,0
13602,0.0,0.0,0,0.0,0,0,0,1,0,0
13603,0.0,0.0,0,0.0,0,0,0,1,1,0
13604,0.0,0.0,0,0.0,0,0,0,1,1,0
13606,0.0,0.0,0,0.0,0,0,0,0,0,0
13607,0.0,0.0,0,0.0,0,0,1,1,1,1
13608,0.0,0.0,0,0.0,0,0,0,1,1,1
13609,0.0,0.0,0,0.0,0,0,0,1,1,0
13610,0.0,0.0,0,0.0,0,0,0,1,1,0
13612,0.0,0.0,0,0.0,0,0,0,1,1,0
13613,0.0,0.0,0,0.0,0,0,0,1,1,0
13614,0.0,0.0,0,0.0,0,0,0,1,1,0
13616,0.0,0.0,0,0.0,0,0,0,0,1,0
13617,0.0,0.0,0,0.0,0,0,1,1,1,0
13618,0.0,0.0,0,0.0,0,0,0,0,1,1
13619,0.0,0.0,0,0.0,0,0,0,1,0,0
13620,0.0,0.0,0,0.0,0,0,0,1,1,0
13701,0.0,0.0,0,0.0,0,0,0,1,1,0
13702,0.0,0.0,0,0.0,0,0,0,1,0,0
13703,0.0,0.0,0,0.0,0,0,0,1,1,0
13704,0.0,0.0,0,0.0,0,0,0,1,1,0
13705,0.0,0.0,0,0.0,0,1,0,0,0,0
13706,0.0,0.0,0,0.0,0,0,0,1,1,0
13707,0.0,0.0,0,0.0,0,0,0,1,0,0
13708,0.0,0.0,0,0.0,0,0,0,1,1,0
13709,0.0,0.0,0,0.0,0,0,0,1,0,0
13710,0.0,0.0,0,0.0,0,0,0,1,1,0
13712,0.0,0.0,0,0.0,0,0,1,1,1,1
13713,0.0,0.0,0,0.0,0,0,0,1,0,1
13715,0.0,0.0,0,0.0,0,0,0,1,1,0
13716,0.0,0.0,0,0.0,0,0,1,1,0,0
13717,0.0,0.0,0,0.0,0,0,0,0,1,1
13718,0.0,0.0,0,0.0,0,0,0,1,1,0
13719,0.0,0.0,0,0.0,0,0,1,1,1,0
13720,0.0,,0,0.0,0,0,1,0,1,0
13802,0.0,0.0,0,0.0,0,0,0,1,1,0
13803,0.0,0.0,0,0.0,0,0,0,1,1,0
13805,0.0,0.0,0,0.0,0,0,1,0,0,0
13806,0.0,0.0,0,0.0,0,0,0,1,1,0
13807,0.0,0.0,0,0.0,0,0,1,1,1,1
13808,0.0,0.0,0,0.0,0,0,0,1,1,0
13809,0.0,0.0,0,0.0,0,0,0,1,0,0
13810,0.0,0.0,0,1.0,0,0,0,1,0,0
13811,0.0,0.0,0,0.0,0,0,0,1,1,1
13812,0.0,0.0,0,0.0,0,0,0,1,1,0
13813,0.0,0.0,0,0.0,0,0,0,1,1,0
13814,0.0,0.0,0,0.0,0,0,0,1,1,0
13901,0.0,0.0,0,0.0,0,0,0,1,0,1
13902,0.0,0.0,0,0.0,0,0,0,1,1,0
13903,0.0,0.0,0,0.0,0,0,0,0,0,0
13904,0.0,0.0,0,0.0,0,0,1,1,1,0
13905,0.0,0.0,0,0.0,0,0,1,1,0,1
13906,0.0,0.0,0,0.0,0,0,0,1,1,0
13907,0.0,0.0,0,0.0,0,0,0,0,1,0
13908,0.0,0.0,0,0.0,0,0,0,1,1,0
13909,0.0,0.0,0,0.0,0,0,1,0,0,0
13910,0.0,0.0,0,0.0,0,0,1,1,1,0
13911,0.0,0.0,1,0.0,0,1,0,1,1,0
13912,0.0,1.0,0,0.0,0,0,1,1,1,0
13913,0.0,0.0,1,0.0,0,0,0,1,1,0
13914,0.0,0.0,0,0.0,0,0,0,1,1,0
